video_name,algorithm,frame_idx,timestamp_sec,status,matched_pred_found,match_method,matched_pred_score,keypoint_idx,keypoint_name,is_active,is_eval_joint,gt_v,gt_x,gt_y,pred_v,pred_x,pred_y,distance_px,pck_threshold_px,pck_correct,oks_sigma,oks_term
MP_T_Yoga_1,efficientpose,0,0.000000,ok,1,direct,0.392698,0,nose,1,1,2.000000,641.950000,240.060000,2.000000,646.666687,233.333328,8.215549,46.325030,1,0.026000,0.394349
MP_T_Yoga_1,efficientpose,0,0.000000,ok,1,direct,0.392698,1,left_eye,0,0,0.000000,0.000000,0.000000,2.000000,660.000000,233.333328,,,,0.025000,
MP_T_Yoga_1,efficientpose,0,0.000000,ok,1,direct,0.392698,2,right_eye,0,0,0.000000,0.000000,0.000000,2.000000,646.666687,220.000000,,,,0.025000,
MP_T_Yoga_1,efficientpose,0,0.000000,ok,1,direct,0.392698,3,left_ear,0,0,0.000000,0.000000,0.000000,2.000000,673.333313,246.666672,,,,0.035000,
MP_T_Yoga_1,efficientpose,0,0.000000,ok,1,direct,0.392698,4,right_ear,0,0,0.000000,0.000000,0.000000,2.000000,620.000000,233.333328,,,,0.035000,
MP_T_Yoga_1,efficientpose,0,0.000000,ok,1,direct,0.392698,5,left_shoulder,1,1,2.000000,698.310000,301.700000,2.000000,673.333313,313.333344,27.553032,46.325030,1,0.079000,0.321853
MP_T_Yoga_1,efficientpose,0,0.000000,ok,1,direct,0.392698,6,right_shoulder,1,1,2.000000,592.490000,306.930000,2.000000,580.000000,300.000000,14.283732,46.325030,1,0.079000,0.737368
MP_T_Yoga_1,efficientpose,0,0.000000,ok,1,direct,0.392698,7,left_elbow,1,1,2.000000,712.330000,377.000000,2.000000,726.666687,353.333344,27.670403,46.325030,1,0.072000,0.252470
MP_T_Yoga_1,efficientpose,0,0.000000,ok,1,direct,0.392698,8,right_elbow,1,1,2.000000,587.840000,381.360000,2.000000,526.666687,286.666656,112.734216,46.325030,0,0.072000,0.000000
MP_T_Yoga_1,efficientpose,0,0.000000,ok,1,direct,0.392698,9,left_wrist,1,1,2.000000,707.040000,447.780000,2.000000,713.333313,406.666656,41.592220,46.325030,1,0.062000,0.015084
MP_T_Yoga_1,efficientpose,0,0.000000,ok,1,direct,0.392698,10,right_wrist,1,1,2.000000,597.940000,447.340000,2.000000,553.333313,380.000000,80.773957,46.325030,0,0.062000,0.000000
MP_T_Yoga_1,efficientpose,0,0.000000,ok,1,direct,0.392698,11,left_hip,1,1,2.000000,681.690000,449.040000,2.000000,673.333313,420.000000,30.218468,46.325030,1,0.107000,0.475532
MP_T_Yoga_1,efficientpose,0,0.000000,ok,1,direct,0.392698,12,right_hip,1,1,2.000000,628.240000,448.080000,2.000000,580.000000,406.666656,63.578004,46.325030,0,0.107000,0.037240
MP_T_Yoga_1,efficientpose,0,0.000000,ok,1,direct,0.392698,13,left_knee,1,1,2.000000,686.860000,566.440000,2.000000,660.000000,486.666656,84.173903,46.325030,0,0.087000,0.000163
MP_T_Yoga_1,efficientpose,0,0.000000,ok,1,direct,0.392698,14,right_knee,1,1,2.000000,631.110000,567.800000,2.000000,553.333313,460.000000,132.928752,46.325030,0,0.087000,0.000000
MP_T_Yoga_1,efficientpose,0,0.000000,ok,1,direct,0.392698,15,left_ankle,1,1,2.000000,687.630000,670.800000,2.000000,700.000000,620.000000,52.284385,46.325030,0,0.089000,0.040101
MP_T_Yoga_1,efficientpose,0,0.000000,ok,1,direct,0.392698,16,right_ankle,1,1,2.000000,646.560000,671.020000,2.000000,553.333313,593.333313,121.352530,46.325030,0,0.089000,0.000000
MP_T_Yoga_1,efficientpose,1,0.033165,ok,1,direct,0.387957,0,nose,1,1,2.000000,641.950000,240.060000,2.000000,646.666687,233.333328,8.215549,46.325030,1,0.026000,0.394349
MP_T_Yoga_1,efficientpose,1,0.033165,ok,1,direct,0.387957,1,left_eye,0,0,0.000000,0.000000,0.000000,2.000000,660.000000,233.333328,,,,0.025000,
MP_T_Yoga_1,efficientpose,1,0.033165,ok,1,direct,0.387957,2,right_eye,0,0,0.000000,0.000000,0.000000,2.000000,646.666687,220.000000,,,,0.025000,
MP_T_Yoga_1,efficientpose,1,0.033165,ok,1,direct,0.387957,3,left_ear,0,0,0.000000,0.000000,0.000000,2.000000,673.333313,246.666672,,,,0.035000,
MP_T_Yoga_1,efficientpose,1,0.033165,ok,1,direct,0.387957,4,right_ear,0,0,0.000000,0.000000,0.000000,2.000000,620.000000,233.333328,,,,0.035000,
MP_T_Yoga_1,efficientpose,1,0.033165,ok,1,direct,0.387957,5,left_shoulder,1,1,2.000000,698.310000,301.700000,2.000000,686.666687,313.333344,16.459083,46.325030,1,0.079000,0.667287
MP_T_Yoga_1,efficientpose,1,0.033165,ok,1,direct,0.387957,6,right_shoulder,1,1,2.000000,592.490000,306.930000,2.000000,580.000000,300.000000,14.283732,46.325030,1,0.079000,0.737368
MP_T_Yoga_1,efficientpose,1,0.033165,ok,1,direct,0.387957,7,left_elbow,1,1,2.000000,712.330000,377.000000,2.000000,726.666687,353.333344,27.670403,46.325030,1,0.072000,0.252470
MP_T_Yoga_1,efficientpose,1,0.033165,ok,1,direct,0.387957,8,right_elbow,1,1,2.000000,587.840000,381.360000,2.000000,526.666687,286.666656,112.734216,46.325030,0,0.072000,0.000000
MP_T_Yoga_1,efficientpose,1,0.033165,ok,1,direct,0.387957,9,left_wrist,1,1,2.000000,707.040000,447.780000,2.000000,713.333313,406.666656,41.592220,46.325030,1,0.062000,0.015084
MP_T_Yoga_1,efficientpose,1,0.033165,ok,1,direct,0.387957,10,right_wrist,1,1,2.000000,597.940000,447.340000,2.000000,553.333313,380.000000,80.773957,46.325030,0,0.062000,0.000000
MP_T_Yoga_1,efficientpose,1,0.033165,ok,1,direct,0.387957,11,left_hip,1,1,2.000000,681.690000,449.040000,2.000000,673.333313,420.000000,30.218468,46.325030,1,0.107000,0.475532
MP_T_Yoga_1,efficientpose,1,0.033165,ok,1,direct,0.387957,12,right_hip,1,1,2.000000,628.240000,448.080000,2.000000,593.333313,406.666656,54.162181,46.325030,0,0.107000,0.091819
MP_T_Yoga_1,efficientpose,1,0.033165,ok,1,direct,0.387957,13,left_knee,1,1,2.000000,686.860000,566.440000,2.000000,660.000000,486.666656,84.173903,46.325030,0,0.087000,0.000163
MP_T_Yoga_1,efficientpose,1,0.033165,ok,1,direct,0.387957,14,right_knee,1,1,2.000000,631.110000,567.800000,2.000000,553.333313,460.000000,132.928752,46.325030,0,0.087000,0.000000
MP_T_Yoga_1,efficientpose,1,0.033165,ok,1,direct,0.387957,15,left_ankle,1,1,2.000000,687.280000,670.800000,2.000000,686.666687,620.000000,50.803702,46.325030,0,0.089000,0.047991
MP_T_Yoga_1,efficientpose,1,0.033165,ok,1,direct,0.387957,16,right_ankle,1,1,2.000000,646.560000,671.020000,2.000000,553.333313,593.333313,121.352530,46.325030,0,0.089000,0.000000
MP_T_Yoga_1,efficientpose,2,0.066330,ok,1,direct,0.360152,0,nose,1,1,2.000000,641.950000,240.060000,2.000000,646.666687,233.333328,8.215549,46.325030,1,0.026000,0.394349
MP_T_Yoga_1,efficientpose,2,0.066330,ok,1,direct,0.360152,1,left_eye,0,0,0.000000,0.000000,0.000000,2.000000,660.000000,233.333328,,,,0.025000,
MP_T_Yoga_1,efficientpose,2,0.066330,ok,1,direct,0.360152,2,right_eye,0,0,0.000000,0.000000,0.000000,2.000000,633.333313,220.000000,,,,0.025000,
MP_T_Yoga_1,efficientpose,2,0.066330,ok,1,direct,0.360152,3,left_ear,0,0,0.000000,0.000000,0.000000,2.000000,673.333313,246.666672,,,,0.035000,
MP_T_Yoga_1,efficientpose,2,0.066330,ok,1,direct,0.360152,4,right_ear,0,0,0.000000,0.000000,0.000000,2.000000,620.000000,233.333328,,,,0.035000,
MP_T_Yoga_1,efficientpose,2,0.066330,ok,1,direct,0.360152,5,left_shoulder,1,1,2.000000,698.310000,301.700000,2.000000,673.333313,313.333344,27.553032,46.325030,1,0.079000,0.321853
MP_T_Yoga_1,efficientpose,2,0.066330,ok,1,direct,0.360152,6,right_shoulder,1,1,2.000000,592.490000,306.930000,2.000000,580.000000,300.000000,14.283732,46.325030,1,0.079000,0.737368
MP_T_Yoga_1,efficientpose,2,0.066330,ok,1,direct,0.360152,7,left_elbow,1,1,2.000000,712.330000,377.000000,2.000000,726.666687,353.333344,27.670403,46.325030,1,0.072000,0.252470
MP_T_Yoga_1,efficientpose,2,0.066330,ok,1,direct,0.360152,8,right_elbow,1,1,2.000000,587.840000,381.360000,2.000000,526.666687,273.333344,124.144806,46.325030,0,0.072000,0.000000
MP_T_Yoga_1,efficientpose,2,0.066330,ok,1,direct,0.360152,9,left_wrist,1,1,2.000000,707.040000,447.780000,2.000000,713.333313,406.666656,41.592220,46.325030,1,0.062000,0.015084
MP_T_Yoga_1,efficientpose,2,0.066330,ok,1,direct,0.360152,10,right_wrist,1,1,2.000000,597.940000,447.340000,2.000000,513.333313,260.000000,205.559157,46.325030,0,0.062000,0.000000
MP_T_Yoga_1,efficientpose,2,0.066330,ok,1,direct,0.360152,11,left_hip,1,1,2.000000,681.690000,449.040000,2.000000,673.333313,420.000000,30.218468,46.325030,1,0.107000,0.475532
MP_T_Yoga_1,efficientpose,2,0.066330,ok,1,direct,0.360152,12,right_hip,1,1,2.000000,628.240000,448.080000,2.000000,580.000000,406.666656,63.578004,46.325030,0,0.107000,0.037240
MP_T_Yoga_1,efficientpose,2,0.066330,ok,1,direct,0.360152,13,left_knee,1,1,2.000000,686.860000,566.440000,2.000000,660.000000,486.666656,84.173903,46.325030,0,0.087000,0.000163
MP_T_Yoga_1,efficientpose,2,0.066330,ok,1,direct,0.360152,14,right_knee,1,1,2.000000,631.110000,567.800000,2.000000,553.333313,460.000000,132.928752,46.325030,0,0.087000,0.000000
MP_T_Yoga_1,efficientpose,2,0.066330,ok,1,direct,0.360152,15,left_ankle,1,1,2.000000,686.940000,670.800000,2.000000,686.666687,620.000000,50.800735,46.325030,0,0.089000,0.048008
MP_T_Yoga_1,efficientpose,2,0.066330,ok,1,direct,0.360152,16,right_ankle,1,1,2.000000,646.560000,671.020000,2.000000,553.333313,593.333313,121.352530,46.325030,0,0.089000,0.000000
MP_T_Yoga_1,efficientpose,3,0.099495,ok,1,direct,0.382762,0,nose,1,1,2.000000,641.950000,240.060000,2.000000,646.666687,233.333328,8.215549,46.325030,1,0.026000,0.394349
MP_T_Yoga_1,efficientpose,3,0.099495,ok,1,direct,0.382762,1,left_eye,0,0,0.000000,0.000000,0.000000,2.000000,660.000000,233.333328,,,,0.025000,
MP_T_Yoga_1,efficientpose,3,0.099495,ok,1,direct,0.382762,2,right_eye,0,0,0.000000,0.000000,0.000000,2.000000,633.333313,220.000000,,,,0.025000,
MP_T_Yoga_1,efficientpose,3,0.099495,ok,1,direct,0.382762,3,left_ear,0,0,0.000000,0.000000,0.000000,2.000000,673.333313,246.666672,,,,0.035000,
MP_T_Yoga_1,efficientpose,3,0.099495,ok,1,direct,0.382762,4,right_ear,0,0,0.000000,0.000000,0.000000,2.000000,620.000000,233.333328,,,,0.035000,
MP_T_Yoga_1,efficientpose,3,0.099495,ok,1,direct,0.382762,5,left_shoulder,1,1,2.000000,698.310000,301.700000,2.000000,673.333313,313.333344,27.553032,46.325030,1,0.079000,0.321853
MP_T_Yoga_1,efficientpose,3,0.099495,ok,1,direct,0.382762,6,right_shoulder,1,1,2.000000,592.490000,306.930000,2.000000,580.000000,300.000000,14.283732,46.325030,1,0.079000,0.737368
MP_T_Yoga_1,efficientpose,3,0.099495,ok,1,direct,0.382762,7,left_elbow,1,1,2.000000,712.330000,377.000000,2.000000,726.666687,340.000000,39.680481,46.325030,1,0.072000,0.058974
MP_T_Yoga_1,efficientpose,3,0.099495,ok,1,direct,0.382762,8,right_elbow,1,1,2.000000,587.840000,381.360000,2.000000,526.666687,273.333344,124.144806,46.325030,0,0.072000,0.000000
MP_T_Yoga_1,efficientpose,3,0.099495,ok,1,direct,0.382762,9,left_wrist,1,1,2.000000,707.040000,447.780000,2.000000,713.333313,406.666656,41.592220,46.325030,1,0.062000,0.015084
MP_T_Yoga_1,efficientpose,3,0.099495,ok,1,direct,0.382762,10,right_wrist,1,1,2.000000,597.940000,447.340000,2.000000,553.333313,366.666656,92.184298,46.325030,0,0.062000,0.000000
MP_T_Yoga_1,efficientpose,3,0.099495,ok,1,direct,0.382762,11,left_hip,1,1,2.000000,681.690000,449.040000,2.000000,673.333313,420.000000,30.218468,46.325030,1,0.107000,0.475532
MP_T_Yoga_1,efficientpose,3,0.099495,ok,1,direct,0.382762,12,right_hip,1,1,2.000000,628.240000,448.080000,2.000000,593.333313,420.000000,44.799143,46.325030,1,0.107000,0.195207
MP_T_Yoga_1,efficientpose,3,0.099495,ok,1,direct,0.382762,13,left_knee,1,1,2.000000,686.860000,566.440000,2.000000,660.000000,486.666656,84.173903,46.325030,0,0.087000,0.000163
MP_T_Yoga_1,efficientpose,3,0.099495,ok,1,direct,0.382762,14,right_knee,1,1,2.000000,631.110000,567.800000,2.000000,566.666687,460.000000,125.593712,46.325030,0,0.087000,0.000000
MP_T_Yoga_1,efficientpose,3,0.099495,ok,1,direct,0.382762,15,left_ankle,1,1,2.000000,686.590000,670.800000,2.000000,686.666687,620.000000,50.800058,46.325030,0,0.089000,0.048011
MP_T_Yoga_1,efficientpose,3,0.099495,ok,1,direct,0.382762,16,right_ankle,1,1,2.000000,646.560000,671.020000,2.000000,553.333313,593.333313,121.352530,46.325030,0,0.089000,0.000000
MP_T_Yoga_1,efficientpose,4,0.132660,ok,1,direct,0.415132,0,nose,1,1,2.000000,641.950000,240.060000,2.000000,646.666687,246.666672,8.117589,46.325030,1,0.026000,0.403144
MP_T_Yoga_1,efficientpose,4,0.132660,ok,1,direct,0.415132,1,left_eye,0,0,0.000000,0.000000,0.000000,2.000000,660.000000,233.333328,,,,0.025000,
MP_T_Yoga_1,efficientpose,4,0.132660,ok,1,direct,0.415132,2,right_eye,0,0,0.000000,0.000000,0.000000,2.000000,633.333313,233.333328,,,,0.025000,
MP_T_Yoga_1,efficientpose,4,0.132660,ok,1,direct,0.415132,3,left_ear,0,0,0.000000,0.000000,0.000000,2.000000,660.000000,246.666672,,,,0.035000,
MP_T_Yoga_1,efficientpose,4,0.132660,ok,1,direct,0.415132,4,right_ear,0,0,0.000000,0.000000,0.000000,2.000000,620.000000,246.666672,,,,0.035000,
MP_T_Yoga_1,efficientpose,4,0.132660,ok,1,direct,0.415132,5,left_shoulder,1,1,2.000000,698.310000,301.700000,2.000000,673.333313,300.000000,25.034474,46.325030,1,0.079000,0.392240
MP_T_Yoga_1,efficientpose,4,0.132660,ok,1,direct,0.415132,6,right_shoulder,1,1,2.000000,592.490000,306.930000,2.000000,580.000000,286.666656,23.803428,46.325030,1,0.079000,0.429084
MP_T_Yoga_1,efficientpose,4,0.132660,ok,1,direct,0.415132,7,left_elbow,1,1,2.000000,712.330000,377.000000,2.000000,726.666687,340.000000,39.680481,46.325030,1,0.072000,0.058974
MP_T_Yoga_1,efficientpose,4,0.132660,ok,1,direct,0.415132,8,right_elbow,1,1,2.000000,587.840000,381.360000,2.000000,526.666687,273.333344,124.144806,46.325030,0,0.072000,0.000000
MP_T_Yoga_1,efficientpose,4,0.132660,ok,1,direct,0.415132,9,left_wrist,1,1,2.000000,707.040000,447.780000,2.000000,713.333313,406.666656,41.592220,46.325030,1,0.062000,0.015084
MP_T_Yoga_1,efficientpose,4,0.132660,ok,1,direct,0.415132,10,right_wrist,1,1,2.000000,597.940000,447.340000,2.000000,513.333313,260.000000,205.559157,46.325030,0,0.062000,0.000000
MP_T_Yoga_1,efficientpose,4,0.132660,ok,1,direct,0.415132,11,left_hip,1,1,2.000000,681.690000,449.040000,2.000000,673.333313,420.000000,30.218468,46.325030,1,0.107000,0.475532
MP_T_Yoga_1,efficientpose,4,0.132660,ok,1,direct,0.415132,12,right_hip,1,1,2.000000,628.240000,448.080000,2.000000,606.666687,420.000000,35.410369,46.325030,1,0.107000,0.360348
MP_T_Yoga_1,efficientpose,4,0.132660,ok,1,direct,0.415132,13,left_knee,1,1,2.000000,686.860000,566.440000,2.000000,660.000000,486.666656,84.173903,46.325030,0,0.087000,0.000163
MP_T_Yoga_1,efficientpose,4,0.132660,ok,1,direct,0.415132,14,right_knee,1,1,2.000000,631.110000,567.800000,2.000000,566.666687,460.000000,125.593712,46.325030,0,0.087000,0.000000
MP_T_Yoga_1,efficientpose,4,0.132660,ok,1,direct,0.415132,15,left_ankle,1,1,2.000000,686.250000,670.800000,2.000000,686.666687,620.000000,50.801709,46.325030,0,0.089000,0.048002
MP_T_Yoga_1,efficientpose,4,0.132660,ok,1,direct,0.415132,16,right_ankle,1,1,2.000000,646.560000,671.020000,2.000000,553.333313,593.333313,121.352530,46.325030,0,0.089000,0.000000
MP_T_Yoga_1,efficientpose,5,0.165825,ok,1,direct,0.397821,0,nose,1,1,2.000000,641.950000,240.060000,2.000000,646.666687,233.333328,8.215549,46.325030,1,0.026000,0.394349
MP_T_Yoga_1,efficientpose,5,0.165825,ok,1,direct,0.397821,1,left_eye,0,0,0.000000,0.000000,0.000000,2.000000,660.000000,233.333328,,,,0.025000,
MP_T_Yoga_1,efficientpose,5,0.165825,ok,1,direct,0.397821,2,right_eye,0,0,0.000000,0.000000,0.000000,2.000000,633.333313,233.333328,,,,0.025000,
MP_T_Yoga_1,efficientpose,5,0.165825,ok,1,direct,0.397821,3,left_ear,0,0,0.000000,0.000000,0.000000,2.000000,673.333313,246.666672,,,,0.035000,
MP_T_Yoga_1,efficientpose,5,0.165825,ok,1,direct,0.397821,4,right_ear,0,0,0.000000,0.000000,0.000000,2.000000,620.000000,233.333328,,,,0.035000,
MP_T_Yoga_1,efficientpose,5,0.165825,ok,1,direct,0.397821,5,left_shoulder,1,1,2.000000,698.310000,301.700000,2.000000,673.333313,300.000000,25.034474,46.325030,1,0.079000,0.392240
MP_T_Yoga_1,efficientpose,5,0.165825,ok,1,direct,0.397821,6,right_shoulder,1,1,2.000000,592.490000,306.930000,2.000000,593.333313,286.666656,20.280884,46.325030,1,0.079000,0.541067
MP_T_Yoga_1,efficientpose,5,0.165825,ok,1,direct,0.397821,7,left_elbow,1,1,2.000000,712.330000,377.000000,2.000000,740.000000,340.000000,46.202044,46.325030,1,0.072000,0.021546
MP_T_Yoga_1,efficientpose,5,0.165825,ok,1,direct,0.397821,8,right_elbow,1,1,2.000000,587.840000,381.360000,2.000000,526.666687,273.333344,124.144806,46.325030,0,0.072000,0.000000
MP_T_Yoga_1,efficientpose,5,0.165825,ok,1,direct,0.397821,9,left_wrist,1,1,2.000000,707.040000,447.780000,2.000000,713.333313,406.666656,41.592220,46.325030,1,0.062000,0.015084
MP_T_Yoga_1,efficientpose,5,0.165825,ok,1,direct,0.397821,10,right_wrist,1,1,2.000000,597.940000,447.340000,2.000000,513.333313,246.666672,217.779880,46.325030,0,0.062000,0.000000
MP_T_Yoga_1,efficientpose,5,0.165825,ok,1,direct,0.397821,11,left_hip,1,1,2.000000,681.690000,449.040000,2.000000,673.333313,420.000000,30.218468,46.325030,1,0.107000,0.475532
MP_T_Yoga_1,efficientpose,5,0.165825,ok,1,direct,0.397821,12,right_hip,1,1,2.000000,628.240000,448.080000,2.000000,606.666687,433.333344,26.131814,46.325030,1,0.107000,0.573575
MP_T_Yoga_1,efficientpose,5,0.165825,ok,1,direct,0.397821,13,left_knee,1,1,2.000000,686.860000,566.440000,2.000000,660.000000,486.666656,84.173903,46.325030,0,0.087000,0.000163
MP_T_Yoga_1,efficientpose,5,0.165825,ok,1,direct,0.397821,14,right_knee,1,1,2.000000,631.110000,567.800000,2.000000,580.000000,473.333344,107.406617,46.325030,0,0.087000,0.000001
MP_T_Yoga_1,efficientpose,5,0.165825,ok,1,direct,0.397821,15,left_ankle,1,1,2.000000,685.900000,670.800000,2.000000,686.666687,620.000000,50.805785,46.325030,0,0.089000,0.047979
MP_T_Yoga_1,efficientpose,5,0.165825,ok,1,direct,0.397821,16,right_ankle,1,1,2.000000,646.560000,671.020000,2.000000,566.666687,593.333313,111.436811,46.325030,0,0.089000,0.000000
MP_T_Yoga_1,efficientpose,6,0.198990,ok,1,direct,0.397348,0,nose,1,1,2.000000,641.950000,240.060000,2.000000,646.666687,233.333328,8.215549,46.325030,1,0.026000,0.394349
MP_T_Yoga_1,efficientpose,6,0.198990,ok,1,direct,0.397348,1,left_eye,0,0,0.000000,0.000000,0.000000,2.000000,646.666687,220.000000,,,,0.025000,
MP_T_Yoga_1,efficientpose,6,0.198990,ok,1,direct,0.397348,2,right_eye,0,0,0.000000,0.000000,0.000000,2.000000,633.333313,233.333328,,,,0.025000,
MP_T_Yoga_1,efficientpose,6,0.198990,ok,1,direct,0.397348,3,left_ear,0,0,0.000000,0.000000,0.000000,2.000000,673.333313,246.666672,,,,0.035000,
MP_T_Yoga_1,efficientpose,6,0.198990,ok,1,direct,0.397348,4,right_ear,0,0,0.000000,0.000000,0.000000,2.000000,620.000000,233.333328,,,,0.035000,
MP_T_Yoga_1,efficientpose,6,0.198990,ok,1,direct,0.397348,5,left_shoulder,1,1,2.000000,698.310000,301.700000,2.000000,673.333313,300.000000,25.034474,46.325030,1,0.079000,0.392240
MP_T_Yoga_1,efficientpose,6,0.198990,ok,1,direct,0.397348,6,right_shoulder,1,1,2.000000,592.490000,306.930000,2.000000,580.000000,300.000000,14.283732,46.325030,1,0.079000,0.737368
MP_T_Yoga_1,efficientpose,6,0.198990,ok,1,direct,0.397348,7,left_elbow,1,1,2.000000,712.330000,377.000000,2.000000,726.666687,340.000000,39.680481,46.325030,1,0.072000,0.058974
MP_T_Yoga_1,efficientpose,6,0.198990,ok,1,direct,0.397348,8,right_elbow,1,1,2.000000,587.840000,381.360000,2.000000,526.666687,273.333344,124.144806,46.325030,0,0.072000,0.000000
MP_T_Yoga_1,efficientpose,6,0.198990,ok,1,direct,0.397348,9,left_wrist,1,1,2.000000,707.040000,447.780000,2.000000,713.333313,406.666656,41.592220,46.325030,1,0.062000,0.015084
MP_T_Yoga_1,efficientpose,6,0.198990,ok,1,direct,0.397348,10,right_wrist,1,1,2.000000,597.940000,447.340000,2.000000,513.333313,246.666672,217.779880,46.325030,0,0.062000,0.000000
MP_T_Yoga_1,efficientpose,6,0.198990,ok,1,direct,0.397348,11,left_hip,1,1,2.000000,681.690000,449.040000,2.000000,673.333313,420.000000,30.218468,46.325030,1,0.107000,0.475532
MP_T_Yoga_1,efficientpose,6,0.198990,ok,1,direct,0.397348,12,right_hip,1,1,2.000000,628.240000,448.080000,2.000000,593.333313,420.000000,44.799143,46.325030,1,0.107000,0.195207
MP_T_Yoga_1,efficientpose,6,0.198990,ok,1,direct,0.397348,13,left_knee,1,1,2.000000,686.860000,566.440000,2.000000,660.000000,473.333344,96.903607,46.325030,0,0.087000,0.000010
MP_T_Yoga_1,efficientpose,6,0.198990,ok,1,direct,0.397348,14,right_knee,1,1,2.000000,631.110000,567.800000,2.000000,566.666687,460.000000,125.593712,46.325030,0,0.087000,0.000000
MP_T_Yoga_1,efficientpose,6,0.198990,ok,1,direct,0.397348,15,left_ankle,1,1,2.000000,685.900000,670.800000,2.000000,686.666687,620.000000,50.805785,46.325030,0,0.089000,0.047979
MP_T_Yoga_1,efficientpose,6,0.198990,ok,1,direct,0.397348,16,right_ankle,1,1,2.000000,646.560000,671.020000,2.000000,553.333313,593.333313,121.352530,46.325030,0,0.089000,0.000000
MP_T_Yoga_1,efficientpose,7,0.232155,ok,1,direct,0.366467,0,nose,1,1,2.000000,641.950000,240.060000,2.000000,646.666687,233.333328,8.215549,46.325030,1,0.026000,0.394349
MP_T_Yoga_1,efficientpose,7,0.232155,ok,1,direct,0.366467,1,left_eye,0,0,0.000000,0.000000,0.000000,2.000000,646.666687,220.000000,,,,0.025000,
MP_T_Yoga_1,efficientpose,7,0.232155,ok,1,direct,0.366467,2,right_eye,0,0,0.000000,0.000000,0.000000,2.000000,633.333313,220.000000,,,,0.025000,
MP_T_Yoga_1,efficientpose,7,0.232155,ok,1,direct,0.366467,3,left_ear,0,0,0.000000,0.000000,0.000000,2.000000,660.000000,233.333328,,,,0.035000,
MP_T_Yoga_1,efficientpose,7,0.232155,ok,1,direct,0.366467,4,right_ear,0,0,0.000000,0.000000,0.000000,2.000000,620.000000,233.333328,,,,0.035000,
MP_T_Yoga_1,efficientpose,7,0.232155,ok,1,direct,0.366467,5,left_shoulder,1,1,2.000000,698.310000,301.700000,2.000000,673.333313,313.333344,27.553032,46.325030,1,0.079000,0.321853
MP_T_Yoga_1,efficientpose,7,0.232155,ok,1,direct,0.366467,6,right_shoulder,1,1,2.000000,592.490000,306.930000,2.000000,593.333313,300.000000,6.981123,46.325030,1,0.079000,0.929808
MP_T_Yoga_1,efficientpose,7,0.232155,ok,1,direct,0.366467,7,left_elbow,1,1,2.000000,712.330000,377.000000,2.000000,726.666687,326.666656,52.335323,46.325030,0,0.072000,0.007270
MP_T_Yoga_1,efficientpose,7,0.232155,ok,1,direct,0.366467,8,right_elbow,1,1,2.000000,587.840000,381.360000,2.000000,526.666687,273.333344,124.144806,46.325030,0,0.072000,0.000000
MP_T_Yoga_1,efficientpose,7,0.232155,ok,1,direct,0.366467,9,left_wrist,1,1,2.000000,707.040000,447.780000,2.000000,713.333313,406.666656,41.592220,46.325030,1,0.062000,0.015084
MP_T_Yoga_1,efficientpose,7,0.232155,ok,1,direct,0.366467,10,right_wrist,1,1,2.000000,597.940000,447.340000,2.000000,513.333313,260.000000,205.559157,46.325030,0,0.062000,0.000000
MP_T_Yoga_1,efficientpose,7,0.232155,ok,1,direct,0.366467,11,left_hip,1,1,2.000000,681.690000,449.040000,2.000000,673.333313,420.000000,30.218468,46.325030,1,0.107000,0.475532
MP_T_Yoga_1,efficientpose,7,0.232155,ok,1,direct,0.366467,12,right_hip,1,1,2.000000,628.240000,448.080000,2.000000,593.333313,420.000000,44.799143,46.325030,1,0.107000,0.195207
MP_T_Yoga_1,efficientpose,7,0.232155,ok,1,direct,0.366467,13,left_knee,1,1,2.000000,686.860000,566.440000,2.000000,660.000000,486.666656,84.173903,46.325030,0,0.087000,0.000163
MP_T_Yoga_1,efficientpose,7,0.232155,ok,1,direct,0.366467,14,right_knee,1,1,2.000000,631.110000,567.800000,2.000000,566.666687,460.000000,125.593712,46.325030,0,0.087000,0.000000
MP_T_Yoga_1,efficientpose,7,0.232155,ok,1,direct,0.366467,15,left_ankle,1,1,2.000000,685.900000,670.800000,2.000000,686.666687,620.000000,50.805785,46.325030,0,0.089000,0.047979
MP_T_Yoga_1,efficientpose,7,0.232155,ok,1,direct,0.366467,16,right_ankle,1,1,2.000000,646.560000,671.020000,2.000000,553.333313,593.333313,121.352530,46.325030,0,0.089000,0.000000
MP_T_Yoga_1,efficientpose,8,0.265320,ok,1,direct,0.415982,0,nose,1,1,2.000000,641.950000,240.060000,2.000000,646.666687,233.333328,8.215549,46.325030,1,0.026000,0.394349
MP_T_Yoga_1,efficientpose,8,0.265320,ok,1,direct,0.415982,1,left_eye,0,0,0.000000,0.000000,0.000000,2.000000,646.666687,220.000000,,,,0.025000,
MP_T_Yoga_1,efficientpose,8,0.265320,ok,1,direct,0.415982,2,right_eye,0,0,0.000000,0.000000,0.000000,2.000000,633.333313,220.000000,,,,0.025000,
MP_T_Yoga_1,efficientpose,8,0.265320,ok,1,direct,0.415982,3,left_ear,0,0,0.000000,0.000000,0.000000,2.000000,660.000000,233.333328,,,,0.035000,
MP_T_Yoga_1,efficientpose,8,0.265320,ok,1,direct,0.415982,4,right_ear,0,0,0.000000,0.000000,0.000000,2.000000,620.000000,246.666672,,,,0.035000,
MP_T_Yoga_1,efficientpose,8,0.265320,ok,1,direct,0.415982,5,left_shoulder,1,1,2.000000,698.310000,301.700000,2.000000,673.333313,300.000000,25.034474,46.325030,1,0.079000,0.392240
MP_T_Yoga_1,efficientpose,8,0.265320,ok,1,direct,0.415982,6,right_shoulder,1,1,2.000000,592.490000,306.930000,2.000000,593.333313,300.000000,6.981123,46.325030,1,0.079000,0.929808
MP_T_Yoga_1,efficientpose,8,0.265320,ok,1,direct,0.415982,7,left_elbow,1,1,2.000000,712.330000,377.000000,2.000000,740.000000,340.000000,46.202044,46.325030,1,0.072000,0.021546
MP_T_Yoga_1,efficientpose,8,0.265320,ok,1,direct,0.415982,8,right_elbow,1,1,2.000000,587.840000,381.360000,2.000000,526.666687,273.333344,124.144806,46.325030,0,0.072000,0.000000
MP_T_Yoga_1,efficientpose,8,0.265320,ok,1,direct,0.415982,9,left_wrist,1,1,2.000000,707.040000,447.780000,2.000000,713.333313,406.666656,41.592220,46.325030,1,0.062000,0.015084
MP_T_Yoga_1,efficientpose,8,0.265320,ok,1,direct,0.415982,10,right_wrist,1,1,2.000000,597.940000,447.340000,2.000000,593.333313,393.333344,54.202772,46.325030,0,0.062000,0.000806
MP_T_Yoga_1,efficientpose,8,0.265320,ok,1,direct,0.415982,11,left_hip,1,1,2.000000,681.690000,449.040000,2.000000,673.333313,420.000000,30.218468,46.325030,1,0.107000,0.475532
MP_T_Yoga_1,efficientpose,8,0.265320,ok,1,direct,0.415982,12,right_hip,1,1,2.000000,628.240000,448.080000,2.000000,593.333313,420.000000,44.799143,46.325030,1,0.107000,0.195207
MP_T_Yoga_1,efficientpose,8,0.265320,ok,1,direct,0.415982,13,left_knee,1,1,2.000000,686.860000,566.440000,2.000000,660.000000,486.666656,84.173903,46.325030,0,0.087000,0.000163
MP_T_Yoga_1,efficientpose,8,0.265320,ok,1,direct,0.415982,14,right_knee,1,1,2.000000,631.110000,567.800000,2.000000,566.666687,460.000000,125.593712,46.325030,0,0.087000,0.000000
MP_T_Yoga_1,efficientpose,8,0.265320,ok,1,direct,0.415982,15,left_ankle,1,1,2.000000,685.900000,670.800000,2.000000,686.666687,620.000000,50.805785,46.325030,0,0.089000,0.047979
MP_T_Yoga_1,efficientpose,8,0.265320,ok,1,direct,0.415982,16,right_ankle,1,1,2.000000,646.560000,671.020000,2.000000,553.333313,593.333313,121.352530,46.325030,0,0.089000,0.000000
MP_T_Yoga_1,efficientpose,9,0.298485,ok,1,direct,0.382190,0,nose,1,1,2.000000,641.950000,240.060000,2.000000,646.666687,233.333328,8.215549,46.325030,1,0.026000,0.394349
MP_T_Yoga_1,efficientpose,9,0.298485,ok,1,direct,0.382190,1,left_eye,0,0,0.000000,0.000000,0.000000,2.000000,646.666687,220.000000,,,,0.025000,
MP_T_Yoga_1,efficientpose,9,0.298485,ok,1,direct,0.382190,2,right_eye,0,0,0.000000,0.000000,0.000000,2.000000,633.333313,220.000000,,,,0.025000,
MP_T_Yoga_1,efficientpose,9,0.298485,ok,1,direct,0.382190,3,left_ear,0,0,0.000000,0.000000,0.000000,2.000000,660.000000,233.333328,,,,0.035000,
MP_T_Yoga_1,efficientpose,9,0.298485,ok,1,direct,0.382190,4,right_ear,0,0,0.000000,0.000000,0.000000,2.000000,620.000000,233.333328,,,,0.035000,
MP_T_Yoga_1,efficientpose,9,0.298485,ok,1,direct,0.382190,5,left_shoulder,1,1,2.000000,698.310000,301.700000,2.000000,673.333313,313.333344,27.553032,46.325030,1,0.079000,0.321853
MP_T_Yoga_1,efficientpose,9,0.298485,ok,1,direct,0.382190,6,right_shoulder,1,1,2.000000,592.490000,306.930000,2.000000,593.333313,300.000000,6.981123,46.325030,1,0.079000,0.929808
MP_T_Yoga_1,efficientpose,9,0.298485,ok,1,direct,0.382190,7,left_elbow,1,1,2.000000,712.330000,377.000000,2.000000,740.000000,340.000000,46.202044,46.325030,1,0.072000,0.021546
MP_T_Yoga_1,efficientpose,9,0.298485,ok,1,direct,0.382190,8,right_elbow,1,1,2.000000,587.840000,381.360000,2.000000,526.666687,273.333344,124.144806,46.325030,0,0.072000,0.000000
MP_T_Yoga_1,efficientpose,9,0.298485,ok,1,direct,0.382190,9,left_wrist,1,1,2.000000,707.040000,447.780000,2.000000,713.333313,406.666656,41.592220,46.325030,1,0.062000,0.015084
MP_T_Yoga_1,efficientpose,9,0.298485,ok,1,direct,0.382190,10,right_wrist,1,1,2.000000,597.940000,447.340000,2.000000,580.000000,380.000000,69.688731,46.325030,0,0.062000,0.000008
MP_T_Yoga_1,efficientpose,9,0.298485,ok,1,direct,0.382190,11,left_hip,1,1,2.000000,681.690000,449.040000,2.000000,673.333313,420.000000,30.218468,46.325030,1,0.107000,0.475532
MP_T_Yoga_1,efficientpose,9,0.298485,ok,1,direct,0.382190,12,right_hip,1,1,2.000000,628.240000,448.080000,2.000000,593.333313,420.000000,44.799143,46.325030,1,0.107000,0.195207
MP_T_Yoga_1,efficientpose,9,0.298485,ok,1,direct,0.382190,13,left_knee,1,1,2.000000,686.860000,566.440000,2.000000,660.000000,486.666656,84.173903,46.325030,0,0.087000,0.000163
MP_T_Yoga_1,efficientpose,9,0.298485,ok,1,direct,0.382190,14,right_knee,1,1,2.000000,631.110000,567.800000,2.000000,566.666687,460.000000,125.593712,46.325030,0,0.087000,0.000000
MP_T_Yoga_1,efficientpose,9,0.298485,ok,1,direct,0.382190,15,left_ankle,1,1,2.000000,685.900000,670.800000,2.000000,700.000000,620.000000,52.720489,46.325030,0,0.089000,0.037998
MP_T_Yoga_1,efficientpose,9,0.298485,ok,1,direct,0.382190,16,right_ankle,1,1,2.000000,646.560000,671.020000,2.000000,553.333313,606.666687,113.280908,46.325030,0,0.089000,0.000000
MP_T_Yoga_1,efficientpose,10,0.331650,ok,1,direct,0.406233,0,nose,1,1,2.000000,641.950000,240.060000,2.000000,646.666687,233.333328,8.215549,46.325030,1,0.026000,0.394349
MP_T_Yoga_1,efficientpose,10,0.331650,ok,1,direct,0.406233,1,left_eye,0,0,0.000000,0.000000,0.000000,2.000000,646.666687,220.000000,,,,0.025000,
MP_T_Yoga_1,efficientpose,10,0.331650,ok,1,direct,0.406233,2,right_eye,0,0,0.000000,0.000000,0.000000,2.000000,633.333313,220.000000,,,,0.025000,
MP_T_Yoga_1,efficientpose,10,0.331650,ok,1,direct,0.406233,3,left_ear,0,0,0.000000,0.000000,0.000000,2.000000,660.000000,233.333328,,,,0.035000,
MP_T_Yoga_1,efficientpose,10,0.331650,ok,1,direct,0.406233,4,right_ear,0,0,0.000000,0.000000,0.000000,2.000000,620.000000,233.333328,,,,0.035000,
MP_T_Yoga_1,efficientpose,10,0.331650,ok,1,direct,0.406233,5,left_shoulder,1,1,2.000000,698.310000,301.700000,2.000000,673.333313,300.000000,25.034474,46.325030,1,0.079000,0.392240
MP_T_Yoga_1,efficientpose,10,0.331650,ok,1,direct,0.406233,6,right_shoulder,1,1,2.000000,592.490000,306.930000,2.000000,580.000000,300.000000,14.283732,46.325030,1,0.079000,0.737368
MP_T_Yoga_1,efficientpose,10,0.331650,ok,1,direct,0.406233,7,left_elbow,1,1,2.000000,712.330000,377.000000,2.000000,726.666687,353.333344,27.670403,46.325030,1,0.072000,0.252470
MP_T_Yoga_1,efficientpose,10,0.331650,ok,1,direct,0.406233,8,right_elbow,1,1,2.000000,587.840000,381.360000,2.000000,526.666687,273.333344,124.144806,46.325030,0,0.072000,0.000000
MP_T_Yoga_1,efficientpose,10,0.331650,ok,1,direct,0.406233,9,left_wrist,1,1,2.000000,707.040000,447.780000,2.000000,713.333313,406.666656,41.592220,46.325030,1,0.062000,0.015084
MP_T_Yoga_1,efficientpose,10,0.331650,ok,1,direct,0.406233,10,right_wrist,1,1,2.000000,597.940000,447.340000,2.000000,513.333313,246.666672,217.779880,46.325030,0,0.062000,0.000000
MP_T_Yoga_1,efficientpose,10,0.331650,ok,1,direct,0.406233,11,left_hip,1,1,2.000000,681.690000,449.040000,2.000000,660.000000,420.000000,36.246072,46.325030,1,0.107000,0.343204
MP_T_Yoga_1,efficientpose,10,0.331650,ok,1,direct,0.406233,12,right_hip,1,1,2.000000,628.240000,448.080000,2.000000,580.000000,420.000000,55.817417,46.325030,0,0.107000,0.079173
MP_T_Yoga_1,efficientpose,10,0.331650,ok,1,direct,0.406233,13,left_knee,1,1,2.000000,686.860000,566.440000,2.000000,660.000000,486.666656,84.173903,46.325030,0,0.087000,0.000163
MP_T_Yoga_1,efficientpose,10,0.331650,ok,1,direct,0.406233,14,right_knee,1,1,2.000000,631.110000,567.800000,2.000000,553.333313,460.000000,132.928752,46.325030,0,0.087000,0.000000
MP_T_Yoga_1,efficientpose,10,0.331650,ok,1,direct,0.406233,15,left_ankle,1,1,2.000000,685.900000,670.800000,2.000000,700.000000,620.000000,52.720489,46.325030,0,0.089000,0.037998
MP_T_Yoga_1,efficientpose,10,0.331650,ok,1,direct,0.406233,16,right_ankle,1,1,2.000000,646.560000,671.020000,2.000000,553.333313,593.333313,121.352530,46.325030,0,0.089000,0.000000
MP_T_Yoga_1,efficientpose,11,0.364815,ok,1,direct,0.422222,0,nose,1,1,2.000000,642.460000,240.060000,2.000000,646.666687,233.333328,7.933746,46.242718,1,0.026000,0.418587
MP_T_Yoga_1,efficientpose,11,0.364815,ok,1,direct,0.422222,1,left_eye,0,0,0.000000,0.000000,0.000000,2.000000,646.666687,220.000000,,,,0.025000,
MP_T_Yoga_1,efficientpose,11,0.364815,ok,1,direct,0.422222,2,right_eye,0,0,0.000000,0.000000,0.000000,2.000000,633.333313,220.000000,,,,0.025000,
MP_T_Yoga_1,efficientpose,11,0.364815,ok,1,direct,0.422222,3,left_ear,0,0,0.000000,0.000000,0.000000,2.000000,660.000000,233.333328,,,,0.035000,
MP_T_Yoga_1,efficientpose,11,0.364815,ok,1,direct,0.422222,4,right_ear,0,0,0.000000,0.000000,0.000000,2.000000,620.000000,233.333328,,,,0.035000,
MP_T_Yoga_1,efficientpose,11,0.364815,ok,1,direct,0.422222,5,left_shoulder,1,1,2.000000,698.760000,301.640000,2.000000,673.333313,300.000000,25.479521,46.242718,1,0.079000,0.377982
MP_T_Yoga_1,efficientpose,11,0.364815,ok,1,direct,0.422222,6,right_shoulder,1,1,2.000000,593.070000,306.740000,2.000000,593.333313,300.000000,6.745141,46.242718,1,0.079000,0.934090
MP_T_Yoga_1,efficientpose,11,0.364815,ok,1,direct,0.422222,7,left_elbow,1,1,2.000000,712.660000,377.410000,2.000000,726.666687,353.333344,27.854491,46.242718,1,0.072000,0.246644
MP_T_Yoga_1,efficientpose,11,0.364815,ok,1,direct,0.422222,8,right_elbow,1,1,2.000000,588.540000,381.310000,2.000000,526.666687,273.333344,124.447841,46.242718,0,0.072000,0.000000
MP_T_Yoga_1,efficientpose,11,0.364815,ok,1,direct,0.422222,9,left_wrist,1,1,2.000000,707.170000,447.660000,2.000000,713.333313,420.000000,28.338349,46.242718,1,0.062000,0.141716
MP_T_Yoga_1,efficientpose,11,0.364815,ok,1,direct,0.422222,10,right_wrist,1,1,2.000000,598.210000,447.290000,2.000000,593.333313,393.333344,54.176590,46.242718,0,0.062000,0.000792
MP_T_Yoga_1,efficientpose,11,0.364815,ok,1,direct,0.422222,11,left_hip,1,1,2.000000,682.010000,448.990000,2.000000,660.000000,420.000000,36.398629,46.242718,1,0.107000,0.338817
MP_T_Yoga_1,efficientpose,11,0.364815,ok,1,direct,0.422222,12,right_hip,1,1,2.000000,629.030000,447.800000,2.000000,593.333313,420.000000,45.244817,46.242718,1,0.107000,0.187815
MP_T_Yoga_1,efficientpose,11,0.364815,ok,1,direct,0.422222,13,left_knee,1,1,2.000000,687.310000,566.610000,2.000000,660.000000,486.666656,84.479431,46.242718,0,0.087000,0.000148
MP_T_Yoga_1,efficientpose,11,0.364815,ok,1,direct,0.422222,14,right_knee,1,1,2.000000,631.560000,567.690000,2.000000,553.333313,446.666656,144.104352,46.242718,0,0.087000,0.000000
MP_T_Yoga_1,efficientpose,11,0.364815,ok,1,direct,0.422222,15,left_ankle,1,1,2.000000,685.890000,670.770000,2.000000,700.000000,620.000000,52.694260,46.242718,0,0.089000,0.037681
MP_T_Yoga_1,efficientpose,11,0.364815,ok,1,direct,0.422222,16,right_ankle,1,1,2.000000,646.460000,670.230000,2.000000,553.333313,593.333313,120.771190,46.242718,0,0.089000,0.000000
MP_T_Yoga_1,efficientpose,12,0.397980,ok,1,direct,0.430367,0,nose,1,1,2.000000,642.970000,240.060000,2.000000,646.666687,233.333328,7.675520,46.170269,1,0.026000,0.441462
MP_T_Yoga_1,efficientpose,12,0.397980,ok,1,direct,0.430367,1,left_eye,0,0,0.000000,0.000000,0.000000,2.000000,660.000000,220.000000,,,,0.025000,
MP_T_Yoga_1,efficientpose,12,0.397980,ok,1,direct,0.430367,2,right_eye,0,0,0.000000,0.000000,0.000000,2.000000,633.333313,220.000000,,,,0.025000,
MP_T_Yoga_1,efficientpose,12,0.397980,ok,1,direct,0.430367,3,left_ear,0,0,0.000000,0.000000,0.000000,2.000000,673.333313,233.333328,,,,0.035000,
MP_T_Yoga_1,efficientpose,12,0.397980,ok,1,direct,0.430367,4,right_ear,0,0,0.000000,0.000000,0.000000,2.000000,620.000000,233.333328,,,,0.035000,
MP_T_Yoga_1,efficientpose,12,0.397980,ok,1,direct,0.430367,5,left_shoulder,1,1,2.000000,699.210000,301.580000,2.000000,673.333313,300.000000,25.924879,46.170269,1,0.079000,0.364081
MP_T_Yoga_1,efficientpose,12,0.397980,ok,1,direct,0.430367,6,right_shoulder,1,1,2.000000,593.650000,306.550000,2.000000,593.333313,300.000000,6.557651,46.170269,1,0.079000,0.937398
MP_T_Yoga_1,efficientpose,12,0.397980,ok,1,direct,0.430367,7,left_elbow,1,1,2.000000,712.980000,377.810000,2.000000,726.666687,353.333344,28.043397,46.170269,1,0.072000,0.240914
MP_T_Yoga_1,efficientpose,12,0.397980,ok,1,direct,0.430367,8,right_elbow,1,1,2.000000,589.240000,381.260000,2.000000,526.666687,273.333344,124.754089,46.170269,0,0.072000,0.000000
MP_T_Yoga_1,efficientpose,12,0.397980,ok,1,direct,0.430367,9,left_wrist,1,1,2.000000,707.300000,447.530000,2.000000,713.333313,420.000000,28.183360,46.170269,1,0.062000,0.143893
MP_T_Yoga_1,efficientpose,12,0.397980,ok,1,direct,0.430367,10,right_wrist,1,1,2.000000,598.470000,447.240000,2.000000,606.666687,406.666656,41.393017,46.170269,1,0.062000,0.015269
MP_T_Yoga_1,efficientpose,12,0.397980,ok,1,direct,0.430367,11,left_hip,1,1,2.000000,682.330000,448.940000,2.000000,660.000000,420.000000,36.553420,46.170269,1,0.107000,0.334557
MP_T_Yoga_1,efficientpose,12,0.397980,ok,1,direct,0.430367,12,right_hip,1,1,2.000000,629.820000,447.520000,2.000000,593.333313,420.000000,45.701518,46.170269,1,0.107000,0.180579
MP_T_Yoga_1,efficientpose,12,0.397980,ok,1,direct,0.430367,13,left_knee,1,1,2.000000,687.760000,566.790000,2.000000,660.000000,486.666656,84.796036,46.170269,0,0.087000,0.000135
MP_T_Yoga_1,efficientpose,12,0.397980,ok,1,direct,0.430367,14,right_knee,1,1,2.000000,632.020000,567.590000,2.000000,566.666687,460.000000,125.883532,46.170269,0,0.087000,0.000000
MP_T_Yoga_1,efficientpose,12,0.397980,ok,1,direct,0.430367,15,left_ankle,1,1,2.000000,685.880000,670.740000,2.000000,700.000000,620.000000,52.668036,46.170269,0,0.089000,0.037417
MP_T_Yoga_1,efficientpose,12,0.397980,ok,1,direct,0.430367,16,right_ankle,1,1,2.000000,646.360000,669.430000,2.000000,566.666687,593.333313,110.189518,46.170269,0,0.089000,0.000001
MP_T_Yoga_1,efficientpose,13,0.431144,ok,1,direct,0.415044,0,nose,1,1,2.000000,643.490000,240.060000,2.000000,646.666687,233.333328,7.439049,46.099584,1,0.026000,0.462821
MP_T_Yoga_1,efficientpose,13,0.431144,ok,1,direct,0.415044,1,left_eye,0,0,0.000000,0.000000,0.000000,2.000000,660.000000,220.000000,,,,0.025000,
MP_T_Yoga_1,efficientpose,13,0.431144,ok,1,direct,0.415044,2,right_eye,0,0,0.000000,0.000000,0.000000,2.000000,646.666687,220.000000,,,,0.025000,
MP_T_Yoga_1,efficientpose,13,0.431144,ok,1,direct,0.415044,3,left_ear,0,0,0.000000,0.000000,0.000000,2.000000,673.333313,233.333328,,,,0.035000,
MP_T_Yoga_1,efficientpose,13,0.431144,ok,1,direct,0.415044,4,right_ear,0,0,0.000000,0.000000,0.000000,2.000000,620.000000,233.333328,,,,0.035000,
MP_T_Yoga_1,efficientpose,13,0.431144,ok,1,direct,0.415044,5,left_shoulder,1,1,2.000000,699.660000,301.510000,2.000000,686.666687,313.333344,17.567516,46.099584,1,0.079000,0.627900
MP_T_Yoga_1,efficientpose,13,0.431144,ok,1,direct,0.415044,6,right_shoulder,1,1,2.000000,594.230000,306.350000,2.000000,593.333313,300.000000,6.412998,46.099584,1,0.079000,0.939868
MP_T_Yoga_1,efficientpose,13,0.431144,ok,1,direct,0.415044,7,left_elbow,1,1,2.000000,713.300000,378.220000,2.000000,740.000000,340.000000,46.622510,46.099584,0,0.072000,0.019331
MP_T_Yoga_1,efficientpose,13,0.431144,ok,1,direct,0.415044,8,right_elbow,1,1,2.000000,589.930000,381.210000,2.000000,513.333313,273.333344,132.304291,46.099584,0,0.072000,0.000000
MP_T_Yoga_1,efficientpose,13,0.431144,ok,1,direct,0.415044,9,left_wrist,1,1,2.000000,707.430000,447.400000,2.000000,713.333313,420.000000,28.028719,46.099584,1,0.062000,0.146116
MP_T_Yoga_1,efficientpose,13,0.431144,ok,1,direct,0.415044,10,right_wrist,1,1,2.000000,598.730000,447.190000,2.000000,513.333313,233.333328,230.276508,46.099584,0,0.062000,0.000000
MP_T_Yoga_1,efficientpose,13,0.431144,ok,1,direct,0.415044,11,left_hip,1,1,2.000000,682.660000,448.890000,2.000000,673.333313,420.000000,30.358182,46.099584,1,0.107000,0.468807
MP_T_Yoga_1,efficientpose,13,0.431144,ok,1,direct,0.415044,12,right_hip,1,1,2.000000,630.610000,447.230000,2.000000,593.333313,420.000000,46.163019,46.099584,0,0.107000,0.173481
MP_T_Yoga_1,efficientpose,13,0.431144,ok,1,direct,0.415044,13,left_knee,1,1,2.000000,688.200000,566.960000,2.000000,660.000000,486.666656,85.101475,46.099584,0,0.087000,0.000123
MP_T_Yoga_1,efficientpose,13,0.431144,ok,1,direct,0.415044,14,right_knee,1,1,2.000000,632.470000,567.480000,2.000000,566.666687,460.000000,126.023912,46.099584,0,0.087000,0.000000
MP_T_Yoga_1,efficientpose,13,0.431144,ok,1,direct,0.415044,15,left_ankle,1,1,2.000000,685.870000,670.710000,2.000000,700.000000,620.000000,52.641818,46.099584,0,0.089000,0.037163
MP_T_Yoga_1,efficientpose,13,0.431144,ok,1,direct,0.415044,16,right_ankle,1,1,2.000000,646.270000,668.630000,2.000000,553.333313,593.333313,119.611115,46.099584,0,0.089000,0.000000
MP_T_Yoga_1,efficientpose,14,0.464309,ok,1,direct,0.421231,0,nose,1,1,2.000000,644.000000,240.060000,2.000000,646.666687,233.333328,7.235975,46.026929,1,0.026000,0.481317
MP_T_Yoga_1,efficientpose,14,0.464309,ok,1,direct,0.421231,1,left_eye,0,0,0.000000,0.000000,0.000000,2.000000,660.000000,220.000000,,,,0.025000,
MP_T_Yoga_1,efficientpose,14,0.464309,ok,1,direct,0.421231,2,right_eye,0,0,0.000000,0.000000,0.000000,2.000000,646.666687,220.000000,,,,0.025000,
MP_T_Yoga_1,efficientpose,14,0.464309,ok,1,direct,0.421231,3,left_ear,0,0,0.000000,0.000000,0.000000,2.000000,673.333313,233.333328,,,,0.035000,
MP_T_Yoga_1,efficientpose,14,0.464309,ok,1,direct,0.421231,4,right_ear,0,0,0.000000,0.000000,0.000000,2.000000,620.000000,233.333328,,,,0.035000,
MP_T_Yoga_1,efficientpose,14,0.464309,ok,1,direct,0.421231,5,left_shoulder,1,1,2.000000,700.110000,301.450000,2.000000,686.666687,300.000000,13.521286,46.026929,1,0.079000,0.758389
MP_T_Yoga_1,efficientpose,14,0.464309,ok,1,direct,0.421231,6,right_shoulder,1,1,2.000000,594.810000,306.160000,2.000000,593.333313,300.000000,6.334525,46.026929,1,0.079000,0.941107
MP_T_Yoga_1,efficientpose,14,0.464309,ok,1,direct,0.421231,7,left_elbow,1,1,2.000000,713.620000,378.630000,2.000000,740.000000,340.000000,46.778000,46.026929,0,0.072000,0.018593
MP_T_Yoga_1,efficientpose,14,0.464309,ok,1,direct,0.421231,8,right_elbow,1,1,2.000000,590.630000,381.160000,2.000000,513.333313,273.333344,132.670139,46.026929,0,0.072000,0.000000
MP_T_Yoga_1,efficientpose,14,0.464309,ok,1,direct,0.421231,9,left_wrist,1,1,2.000000,707.560000,447.270000,2.000000,713.333313,420.000000,27.874433,46.026929,1,0.062000,0.148340
MP_T_Yoga_1,efficientpose,14,0.464309,ok,1,direct,0.421231,10,right_wrist,1,1,2.000000,599.000000,447.150000,2.000000,606.666687,406.666656,41.202903,46.026929,1,0.062000,0.015461
MP_T_Yoga_1,efficientpose,14,0.464309,ok,1,direct,0.421231,11,left_hip,1,1,2.000000,682.980000,448.840000,2.000000,673.333313,433.333344,18.262392,46.026929,1,0.107000,0.759562
MP_T_Yoga_1,efficientpose,14,0.464309,ok,1,direct,0.421231,12,right_hip,1,1,2.000000,631.390000,446.950000,2.000000,606.666687,433.333344,28.225087,46.026929,1,0.107000,0.518448
MP_T_Yoga_1,efficientpose,14,0.464309,ok,1,direct,0.421231,13,left_knee,1,1,2.000000,688.650000,567.140000,2.000000,660.000000,486.666656,85.421201,46.026929,0,0.087000,0.000112
MP_T_Yoga_1,efficientpose,14,0.464309,ok,1,direct,0.421231,14,right_knee,1,1,2.000000,632.920000,567.380000,2.000000,593.333313,473.333344,102.038617,46.026929,0,0.087000,0.000002
MP_T_Yoga_1,efficientpose,14,0.464309,ok,1,direct,0.421231,15,left_ankle,1,1,2.000000,685.860000,670.680000,2.000000,700.000000,620.000000,52.615606,46.026929,0,0.089000,0.036900
MP_T_Yoga_1,efficientpose,14,0.464309,ok,1,direct,0.421231,16,right_ankle,1,1,2.000000,646.170000,667.840000,2.000000,566.666687,606.666687,100.314261,46.026929,0,0.089000,0.000006
MP_T_Yoga_1,efficientpose,15,0.497474,ok,1,direct,0.485267,0,nose,1,1,2.000000,644.520000,240.060000,2.000000,646.666687,246.666672,6.946681,45.954702,1,0.026000,0.508623
MP_T_Yoga_1,efficientpose,15,0.497474,ok,1,direct,0.485267,1,left_eye,0,0,0.000000,0.000000,0.000000,2.000000,660.000000,233.333328,,,,0.025000,
MP_T_Yoga_1,efficientpose,15,0.497474,ok,1,direct,0.485267,2,right_eye,0,0,0.000000,0.000000,0.000000,2.000000,646.666687,233.333328,,,,0.025000,
MP_T_Yoga_1,efficientpose,15,0.497474,ok,1,direct,0.485267,3,left_ear,0,0,0.000000,0.000000,0.000000,2.000000,673.333313,246.666672,,,,0.035000,
MP_T_Yoga_1,efficientpose,15,0.497474,ok,1,direct,0.485267,4,right_ear,0,0,0.000000,0.000000,0.000000,2.000000,620.000000,246.666672,,,,0.035000,
MP_T_Yoga_1,efficientpose,15,0.497474,ok,1,direct,0.485267,5,left_shoulder,1,1,2.000000,700.560000,301.380000,2.000000,686.666687,300.000000,13.961681,45.954702,1,0.079000,0.743940
MP_T_Yoga_1,efficientpose,15,0.497474,ok,1,direct,0.485267,6,right_shoulder,1,1,2.000000,595.390000,305.970000,2.000000,593.333313,286.666656,19.412600,45.954702,1,0.079000,0.564479
MP_T_Yoga_1,efficientpose,15,0.497474,ok,1,direct,0.485267,7,left_elbow,1,1,2.000000,713.940000,379.030000,2.000000,740.000000,340.000000,46.930422,45.954702,0,0.072000,0.017889
MP_T_Yoga_1,efficientpose,15,0.497474,ok,1,direct,0.485267,8,right_elbow,1,1,2.000000,591.330000,381.110000,2.000000,513.333313,273.333344,133.038682,45.954702,0,0.072000,0.000000
MP_T_Yoga_1,efficientpose,15,0.497474,ok,1,direct,0.485267,9,left_wrist,1,1,2.000000,707.690000,447.140000,2.000000,713.333313,420.000000,27.720508,45.954702,1,0.062000,0.150594
MP_T_Yoga_1,efficientpose,15,0.497474,ok,1,direct,0.485267,10,right_wrist,1,1,2.000000,599.260000,447.100000,2.000000,620.000000,406.666656,45.442303,45.954702,1,0.062000,0.006173
MP_T_Yoga_1,efficientpose,15,0.497474,ok,1,direct,0.485267,11,left_hip,1,1,2.000000,683.300000,448.800000,2.000000,673.333313,433.333344,18.399791,45.954702,1,0.107000,0.755749
MP_T_Yoga_1,efficientpose,15,0.497474,ok,1,direct,0.485267,12,right_hip,1,1,2.000000,632.180000,446.670000,2.000000,606.666687,433.333344,28.788809,45.954702,1,0.107000,0.503804
MP_T_Yoga_1,efficientpose,15,0.497474,ok,1,direct,0.485267,13,left_knee,1,1,2.000000,689.100000,567.310000,2.000000,660.000000,500.000000,73.331072,45.954702,0,0.087000,0.001197
MP_T_Yoga_1,efficientpose,15,0.497474,ok,1,direct,0.485267,14,right_knee,1,1,2.000000,633.370000,567.280000,2.000000,580.000000,473.333344,108.047819,45.954702,0,0.087000,0.000000
MP_T_Yoga_1,efficientpose,15,0.497474,ok,1,direct,0.485267,15,left_ankle,1,1,2.000000,685.850000,670.660000,2.000000,700.000000,620.000000,52.599031,45.954702,0,0.089000,0.036595
MP_T_Yoga_1,efficientpose,15,0.497474,ok,1,direct,0.485267,16,right_ankle,1,1,2.000000,646.070000,667.040000,2.000000,580.000000,606.666687,89.499619,45.954702,0,0.089000,0.000069
MP_T_Yoga_1,efficientpose,16,0.530639,ok,1,direct,0.461856,0,nose,1,1,2.000000,644.960000,240.120000,2.000000,646.666687,233.333328,6.997978,45.880515,1,0.026000,0.502434
MP_T_Yoga_1,efficientpose,16,0.530639,ok,1,direct,0.461856,1,left_eye,0,0,0.000000,0.000000,0.000000,2.000000,660.000000,233.333328,,,,0.025000,
MP_T_Yoga_1,efficientpose,16,0.530639,ok,1,direct,0.461856,2,right_eye,0,0,0.000000,0.000000,0.000000,2.000000,646.666687,233.333328,,,,0.025000,
MP_T_Yoga_1,efficientpose,16,0.530639,ok,1,direct,0.461856,3,left_ear,0,0,0.000000,0.000000,0.000000,2.000000,673.333313,246.666672,,,,0.035000,
MP_T_Yoga_1,efficientpose,16,0.530639,ok,1,direct,0.461856,4,right_ear,0,0,0.000000,0.000000,0.000000,2.000000,620.000000,246.666672,,,,0.035000,
MP_T_Yoga_1,efficientpose,16,0.530639,ok,1,direct,0.461856,5,left_shoulder,1,1,2.000000,701.010000,301.320000,2.000000,686.666687,300.000000,14.403924,45.880515,1,0.079000,0.729169
MP_T_Yoga_1,efficientpose,16,0.530639,ok,1,direct,0.461856,6,right_shoulder,1,1,2.000000,596.000000,305.970000,2.000000,593.333313,300.000000,6.538511,45.880515,1,0.079000,0.936988
MP_T_Yoga_1,efficientpose,16,0.530639,ok,1,direct,0.461856,7,left_elbow,1,1,2.000000,714.260000,379.440000,2.000000,740.000000,340.000000,47.096297,45.880515,0,0.072000,0.017160
MP_T_Yoga_1,efficientpose,16,0.530639,ok,1,direct,0.461856,8,right_elbow,1,1,2.000000,592.020000,381.060000,2.000000,513.333313,273.333344,133.404000,45.880515,0,0.072000,0.000000
MP_T_Yoga_1,efficientpose,16,0.530639,ok,1,direct,0.461856,9,left_wrist,1,1,2.000000,708.070000,447.090000,2.000000,713.333313,420.000000,27.596568,45.880515,1,0.062000,0.152232
MP_T_Yoga_1,efficientpose,16,0.530639,ok,1,direct,0.461856,10,right_wrist,1,1,2.000000,599.520000,447.050000,2.000000,513.333313,233.333328,230.440797,45.880515,0,0.062000,0.000000
MP_T_Yoga_1,efficientpose,16,0.530639,ok,1,direct,0.461856,11,left_hip,1,1,2.000000,683.620000,448.750000,2.000000,673.333313,433.333344,18.533462,45.880515,1,0.107000,0.751978
MP_T_Yoga_1,efficientpose,16,0.530639,ok,1,direct,0.461856,12,right_hip,1,1,2.000000,632.970000,446.390000,2.000000,606.666687,433.333344,29.365636,45.880515,1,0.107000,0.488887
MP_T_Yoga_1,efficientpose,16,0.530639,ok,1,direct,0.461856,13,left_knee,1,1,2.000000,689.550000,567.480000,2.000000,646.666687,486.666656,91.486475,45.880515,0,0.087000,0.000027
MP_T_Yoga_1,efficientpose,16,0.530639,ok,1,direct,0.461856,14,right_knee,1,1,2.000000,633.340000,567.620000,2.000000,553.333313,460.000000,134.101209,45.880515,0,0.087000,0.000000
MP_T_Yoga_1,efficientpose,16,0.530639,ok,1,direct,0.461856,15,left_ankle,1,1,2.000000,685.840000,670.630000,2.000000,700.000000,620.000000,52.572830,45.880515,0,0.089000,0.036325
MP_T_Yoga_1,efficientpose,16,0.530639,ok,1,direct,0.461856,16,right_ankle,1,1,2.000000,645.970000,666.250000,2.000000,566.666687,606.666687,99.192674,45.880515,0,0.089000,0.000007
MP_T_Yoga_1,efficientpose,17,0.563804,ok,1,direct,0.368004,0,nose,1,1,2.000000,645.400000,240.170000,2.000000,646.666687,233.333328,6.953026,45.804890,1,0.026000,0.505745
MP_T_Yoga_1,efficientpose,17,0.563804,ok,1,direct,0.368004,1,left_eye,0,0,0.000000,0.000000,0.000000,2.000000,660.000000,220.000000,,,,0.025000,
MP_T_Yoga_1,efficientpose,17,0.563804,ok,1,direct,0.368004,2,right_eye,0,0,0.000000,0.000000,0.000000,2.000000,646.666687,220.000000,,,,0.025000,
MP_T_Yoga_1,efficientpose,17,0.563804,ok,1,direct,0.368004,3,left_ear,0,0,0.000000,0.000000,0.000000,2.000000,673.333313,233.333328,,,,0.035000,
MP_T_Yoga_1,efficientpose,17,0.563804,ok,1,direct,0.368004,4,right_ear,0,0,0.000000,0.000000,0.000000,2.000000,633.333313,233.333328,,,,0.035000,
MP_T_Yoga_1,efficientpose,17,0.563804,ok,1,direct,0.368004,5,left_shoulder,1,1,2.000000,701.450000,301.260000,2.000000,686.666687,313.333344,19.086958,45.804890,1,0.079000,0.573241
MP_T_Yoga_1,efficientpose,17,0.563804,ok,1,direct,0.368004,6,right_shoulder,1,1,2.000000,596.610000,305.970000,2.000000,593.333313,300.000000,6.810108,45.804890,1,0.079000,0.931614
MP_T_Yoga_1,efficientpose,17,0.563804,ok,1,direct,0.368004,7,left_elbow,1,1,2.000000,714.580000,379.850000,2.000000,740.000000,340.000000,47.267313,45.804890,0,0.072000,0.016436
MP_T_Yoga_1,efficientpose,17,0.563804,ok,1,direct,0.368004,8,right_elbow,1,1,2.000000,592.720000,381.010000,2.000000,513.333313,286.666656,123.300091,45.804890,0,0.072000,0.000000
MP_T_Yoga_1,efficientpose,17,0.563804,ok,1,direct,0.368004,9,left_wrist,1,1,2.000000,708.460000,447.030000,2.000000,713.333313,420.000000,27.465798,45.804890,1,0.062000,0.154014
MP_T_Yoga_1,efficientpose,17,0.563804,ok,1,direct,0.368004,10,right_wrist,1,1,2.000000,599.790000,447.000000,2.000000,513.333313,233.333328,230.495565,45.804890,0,0.062000,0.000000
MP_T_Yoga_1,efficientpose,17,0.563804,ok,1,direct,0.368004,11,left_hip,1,1,2.000000,683.940000,448.700000,2.000000,673.333313,433.333344,18.671795,45.804890,1,0.107000,0.748057
MP_T_Yoga_1,efficientpose,17,0.563804,ok,1,direct,0.368004,12,right_hip,1,1,2.000000,633.760000,446.100000,2.000000,620.000000,433.333344,18.770325,45.804890,1,0.107000,0.745763
MP_T_Yoga_1,efficientpose,17,0.563804,ok,1,direct,0.368004,13,left_knee,1,1,2.000000,690.000000,567.660000,2.000000,646.666687,486.666656,91.856942,45.804890,0,0.087000,0.000024
MP_T_Yoga_1,efficientpose,17,0.563804,ok,1,direct,0.368004,14,right_knee,1,1,2.000000,633.300000,567.960000,2.000000,566.666687,460.000000,126.867490,45.804890,0,0.087000,0.000000
MP_T_Yoga_1,efficientpose,17,0.563804,ok,1,direct,0.368004,15,left_ankle,1,1,2.000000,685.830000,670.600000,2.000000,700.000000,620.000000,52.546635,45.804890,0,0.089000,0.036048
MP_T_Yoga_1,efficientpose,17,0.563804,ok,1,direct,0.368004,16,right_ankle,1,1,2.000000,645.870000,665.450000,2.000000,566.666687,606.666687,98.633882,45.804890,0,0.089000,0.000008
MP_T_Yoga_1,efficientpose,18,0.596969,ok,1,direct,0.368307,0,nose,1,1,2.000000,645.850000,240.230000,2.000000,646.666687,233.333328,6.944858,45.728636,1,0.026000,0.505407
MP_T_Yoga_1,efficientpose,18,0.596969,ok,1,direct,0.368307,1,left_eye,0,0,0.000000,0.000000,0.000000,2.000000,660.000000,233.333328,,,,0.025000,
MP_T_Yoga_1,efficientpose,18,0.596969,ok,1,direct,0.368307,2,right_eye,0,0,0.000000,0.000000,0.000000,2.000000,646.666687,220.000000,,,,0.025000,
MP_T_Yoga_1,efficientpose,18,0.596969,ok,1,direct,0.368307,3,left_ear,0,0,0.000000,0.000000,0.000000,2.000000,673.333313,233.333328,,,,0.035000,
MP_T_Yoga_1,efficientpose,18,0.596969,ok,1,direct,0.368307,4,right_ear,0,0,0.000000,0.000000,0.000000,2.000000,633.333313,246.666672,,,,0.035000,
MP_T_Yoga_1,efficientpose,18,0.596969,ok,1,direct,0.368307,5,left_shoulder,1,1,2.000000,701.900000,301.190000,2.000000,700.000000,300.000000,2.241897,45.728636,1,0.079000,0.992327
MP_T_Yoga_1,efficientpose,18,0.596969,ok,1,direct,0.368307,6,right_shoulder,1,1,2.000000,597.220000,305.970000,2.000000,593.333313,300.000000,7.123709,45.728636,1,0.079000,0.925177
MP_T_Yoga_1,efficientpose,18,0.596969,ok,1,direct,0.368307,7,left_elbow,1,1,2.000000,714.900000,380.250000,2.000000,740.000000,340.000000,47.434929,45.728636,0,0.072000,0.015744
MP_T_Yoga_1,efficientpose,18,0.596969,ok,1,direct,0.368307,8,right_elbow,1,1,2.000000,593.420000,380.960000,2.000000,500.000000,273.333344,142.515942,45.728636,0,0.072000,0.000000
MP_T_Yoga_1,efficientpose,18,0.596969,ok,1,direct,0.368307,9,left_wrist,1,1,2.000000,708.850000,446.980000,2.000000,713.333313,420.000000,27.349963,45.728636,1,0.062000,0.155492
MP_T_Yoga_1,efficientpose,18,0.596969,ok,1,direct,0.368307,10,right_wrist,1,1,2.000000,600.050000,446.950000,2.000000,513.333313,233.333328,230.546885,45.728636,0,0.062000,0.000000
MP_T_Yoga_1,efficientpose,18,0.596969,ok,1,direct,0.368307,11,left_hip,1,1,2.000000,684.270000,448.650000,2.000000,673.333313,433.333344,18.820497,45.728636,1,0.107000,0.743860
MP_T_Yoga_1,efficientpose,18,0.596969,ok,1,direct,0.368307,12,right_hip,1,1,2.000000,634.550000,445.820000,2.000000,606.666687,433.333344,30.551526,45.728636,1,0.107000,0.458524
MP_T_Yoga_1,efficientpose,18,0.596969,ok,1,direct,0.368307,13,left_knee,1,1,2.000000,690.440000,567.830000,2.000000,646.666687,486.666656,92.214919,45.728636,0,0.087000,0.000022
MP_T_Yoga_1,efficientpose,18,0.596969,ok,1,direct,0.368307,14,right_knee,1,1,2.000000,633.260000,568.300000,2.000000,540.000000,473.333344,133.101816,45.728636,0,0.087000,0.000000
MP_T_Yoga_1,efficientpose,18,0.596969,ok,1,direct,0.368307,15,left_ankle,1,1,2.000000,685.820000,670.570000,2.000000,700.000000,620.000000,52.520446,45.728636,0,0.089000,0.035769
MP_T_Yoga_1,efficientpose,18,0.596969,ok,1,direct,0.368307,16,right_ankle,1,1,2.000000,645.770000,664.650000,2.000000,566.666687,606.666687,98.078533,45.728636,0,0.089000,0.000009
MP_T_Yoga_1,efficientpose,19,0.630134,ok,1,direct,0.353530,0,nose,1,1,2.000000,646.290000,240.280000,2.000000,646.666687,233.333328,6.956877,45.655230,1,0.026000,0.503104
MP_T_Yoga_1,efficientpose,19,0.630134,ok,1,direct,0.353530,1,left_eye,0,0,0.000000,0.000000,0.000000,2.000000,660.000000,233.333328,,,,0.025000,
MP_T_Yoga_1,efficientpose,19,0.630134,ok,1,direct,0.353530,2,right_eye,0,0,0.000000,0.000000,0.000000,2.000000,646.666687,220.000000,,,,0.025000,
MP_T_Yoga_1,efficientpose,19,0.630134,ok,1,direct,0.353530,3,left_ear,0,0,0.000000,0.000000,0.000000,2.000000,673.333313,233.333328,,,,0.035000,
MP_T_Yoga_1,efficientpose,19,0.630134,ok,1,direct,0.353530,4,right_ear,0,0,0.000000,0.000000,0.000000,2.000000,633.333313,246.666672,,,,0.035000,
MP_T_Yoga_1,efficientpose,19,0.630134,ok,1,direct,0.353530,5,left_shoulder,1,1,2.000000,702.350000,301.130000,2.000000,700.000000,300.000000,2.607566,45.655230,1,0.079000,0.989601
MP_T_Yoga_1,efficientpose,19,0.630134,ok,1,direct,0.353530,6,right_shoulder,1,1,2.000000,597.830000,305.970000,2.000000,593.333313,300.000000,7.474028,45.655230,1,0.079000,0.917702
MP_T_Yoga_1,efficientpose,19,0.630134,ok,1,direct,0.353530,7,left_elbow,1,1,2.000000,715.220000,380.660000,2.000000,740.000000,340.000000,47.616006,45.655230,0,0.072000,0.015048
MP_T_Yoga_1,efficientpose,19,0.630134,ok,1,direct,0.353530,8,right_elbow,1,1,2.000000,594.110000,380.920000,2.000000,513.333313,273.333344,134.535355,45.655230,0,0.072000,0.000000
MP_T_Yoga_1,efficientpose,19,0.630134,ok,1,direct,0.353530,9,left_wrist,1,1,2.000000,709.240000,446.920000,2.000000,713.333313,420.000000,27.229425,45.655230,1,0.062000,0.157123
MP_T_Yoga_1,efficientpose,19,0.630134,ok,1,direct,0.353530,10,right_wrist,1,1,2.000000,600.320000,446.910000,2.000000,513.333313,233.333328,230.611531,45.655230,0,0.062000,0.000000
MP_T_Yoga_1,efficientpose,19,0.630134,ok,1,direct,0.353530,11,left_hip,1,1,2.000000,684.590000,448.600000,2.000000,673.333313,433.333344,18.967968,45.655230,1,0.107000,0.739690
MP_T_Yoga_1,efficientpose,19,0.630134,ok,1,direct,0.353530,12,right_hip,1,1,2.000000,635.330000,445.540000,2.000000,593.333313,433.333344,43.734702,45.655230,1,0.107000,0.201292
MP_T_Yoga_1,efficientpose,19,0.630134,ok,1,direct,0.353530,13,left_knee,1,1,2.000000,690.890000,568.010000,2.000000,646.666687,486.666656,92.587477,45.655230,0,0.087000,0.000019
MP_T_Yoga_1,efficientpose,19,0.630134,ok,1,direct,0.353530,14,right_knee,1,1,2.000000,633.220000,568.640000,2.000000,540.000000,460.000000,143.152429,45.655230,0,0.087000,0.000000
MP_T_Yoga_1,efficientpose,19,0.630134,ok,1,direct,0.353530,15,left_ankle,1,1,2.000000,685.800000,670.550000,2.000000,700.000000,620.000000,52.506595,45.655230,0,0.089000,0.035451
MP_T_Yoga_1,efficientpose,19,0.630134,ok,1,direct,0.353530,16,right_ankle,1,1,2.000000,645.670000,663.860000,2.000000,553.333313,606.666687,108.614634,45.655230,0,0.089000,0.000001
MP_T_Yoga_1,efficientpose,20,0.663299,ok,1,direct,0.279181,0,nose,1,1,2.000000,646.740000,240.340000,2.000000,646.666687,233.333328,7.007055,45.580668,1,0.026000,0.496989
MP_T_Yoga_1,efficientpose,20,0.663299,ok,1,direct,0.279181,1,left_eye,0,0,0.000000,0.000000,0.000000,2.000000,660.000000,233.333328,,,,0.025000,
MP_T_Yoga_1,efficientpose,20,0.663299,ok,1,direct,0.279181,2,right_eye,0,0,0.000000,0.000000,0.000000,2.000000,646.666687,220.000000,,,,0.025000,
MP_T_Yoga_1,efficientpose,20,0.663299,ok,1,direct,0.279181,3,left_ear,0,0,0.000000,0.000000,0.000000,2.000000,673.333313,246.666672,,,,0.035000,
MP_T_Yoga_1,efficientpose,20,0.663299,ok,1,direct,0.279181,4,right_ear,0,0,0.000000,0.000000,0.000000,2.000000,620.000000,233.333328,,,,0.035000,
MP_T_Yoga_1,efficientpose,20,0.663299,ok,1,direct,0.279181,5,left_shoulder,1,1,2.000000,702.800000,301.060000,2.000000,686.666687,313.333344,20.271131,45.580668,1,0.079000,0.530558
MP_T_Yoga_1,efficientpose,20,0.663299,ok,1,direct,0.279181,6,right_shoulder,1,1,2.000000,598.440000,305.970000,2.000000,580.000000,300.000000,19.382324,45.580668,1,0.079000,0.560199
MP_T_Yoga_1,efficientpose,20,0.663299,ok,1,direct,0.279181,7,left_elbow,1,1,2.000000,715.550000,381.070000,2.000000,726.666687,353.333344,29.881480,45.580668,1,0.072000,0.190503
MP_T_Yoga_1,efficientpose,20,0.663299,ok,1,direct,0.279181,8,right_elbow,1,1,2.000000,594.810000,380.870000,2.000000,513.333313,273.333344,134.916949,45.580668,0,0.072000,0.000000
MP_T_Yoga_1,efficientpose,20,0.663299,ok,1,direct,0.279181,9,left_wrist,1,1,2.000000,709.630000,446.870000,2.000000,713.333313,420.000000,27.124001,45.580668,1,0.062000,0.158431
MP_T_Yoga_1,efficientpose,20,0.663299,ok,1,direct,0.279181,10,right_wrist,1,1,2.000000,600.580000,446.860000,2.000000,513.333313,246.666672,218.378921,45.580668,0,0.062000,0.000000
MP_T_Yoga_1,efficientpose,20,0.663299,ok,1,direct,0.279181,11,left_hip,1,1,2.000000,684.910000,448.550000,2.000000,673.333313,433.333344,19.119789,45.580668,1,0.107000,0.735375
MP_T_Yoga_1,efficientpose,20,0.663299,ok,1,direct,0.279181,12,right_hip,1,1,2.000000,636.120000,445.260000,2.000000,593.333313,420.000000,49.686700,45.580668,0,0.107000,0.125459
MP_T_Yoga_1,efficientpose,20,0.663299,ok,1,direct,0.279181,13,left_knee,1,1,2.000000,691.340000,568.180000,2.000000,646.666687,486.666656,92.952300,45.580668,0,0.087000,0.000017
MP_T_Yoga_1,efficientpose,20,0.663299,ok,1,direct,0.279181,14,right_knee,1,1,2.000000,633.180000,568.990000,2.000000,553.333313,460.000000,135.108525,45.580668,0,0.087000,0.000000
MP_T_Yoga_1,efficientpose,20,0.663299,ok,1,direct,0.279181,15,left_ankle,1,1,2.000000,685.790000,670.520000,2.000000,700.000000,620.000000,52.480420,45.580668,0,0.089000,0.035182
MP_T_Yoga_1,efficientpose,20,0.663299,ok,1,direct,0.279181,16,right_ankle,1,1,2.000000,645.570000,663.060000,2.000000,553.333313,606.666687,108.110185,45.580668,0,0.089000,0.000001
MP_T_Yoga_1,efficientpose,21,0.696464,ok,1,direct,0.198083,0,nose,1,1,2.000000,648.150000,240.340000,2.000000,646.666687,233.333328,7.161960,45.408887,1,0.026000,0.479036
MP_T_Yoga_1,efficientpose,21,0.696464,ok,1,direct,0.198083,1,left_eye,0,0,0.000000,0.000000,0.000000,2.000000,660.000000,233.333328,,,,0.025000,
MP_T_Yoga_1,efficientpose,21,0.696464,ok,1,direct,0.198083,2,right_eye,0,0,0.000000,0.000000,0.000000,2.000000,633.333313,233.333328,,,,0.025000,
MP_T_Yoga_1,efficientpose,21,0.696464,ok,1,direct,0.198083,3,left_ear,0,0,0.000000,0.000000,0.000000,2.000000,673.333313,233.333328,,,,0.035000,
MP_T_Yoga_1,efficientpose,21,0.696464,ok,1,direct,0.198083,4,right_ear,0,0,0.000000,0.000000,0.000000,2.000000,620.000000,233.333328,,,,0.035000,
MP_T_Yoga_1,efficientpose,21,0.696464,ok,1,direct,0.198083,5,left_shoulder,1,1,2.000000,703.250000,301.000000,2.000000,700.000000,313.333344,12.754366,45.408887,1,0.079000,0.776607
MP_T_Yoga_1,efficientpose,21,0.696464,ok,1,direct,0.198083,6,right_shoulder,1,1,2.000000,600.240000,305.390000,2.000000,580.000000,313.333344,21.742914,45.408887,1,0.079000,0.479633
MP_T_Yoga_1,efficientpose,21,0.696464,ok,1,direct,0.198083,7,left_elbow,1,1,2.000000,715.870000,381.470000,2.000000,740.000000,366.666656,28.308936,45.408887,1,0.072000,0.223254
MP_T_Yoga_1,efficientpose,21,0.696464,ok,1,direct,0.198083,8,right_elbow,1,1,2.000000,596.030000,380.870000,2.000000,513.333313,286.666656,125.351554,45.408887,0,0.072000,0.000000
MP_T_Yoga_1,efficientpose,21,0.696464,ok,1,direct,0.198083,9,left_wrist,1,1,2.000000,713.740000,446.160000,2.000000,726.666687,420.000000,29.179528,45.408887,1,0.062000,0.116667
MP_T_Yoga_1,efficientpose,21,0.696464,ok,1,direct,0.198083,10,right_wrist,1,1,2.000000,599.040000,447.180000,2.000000,540.000000,380.000000,89.436424,45.408887,0,0.062000,0.000000
MP_T_Yoga_1,efficientpose,21,0.696464,ok,1,direct,0.198083,11,left_hip,1,1,2.000000,685.230000,448.500000,2.000000,673.333313,446.666656,12.037122,45.408887,1,0.107000,0.884484
MP_T_Yoga_1,efficientpose,21,0.696464,ok,1,direct,0.198083,12,right_hip,1,1,2.000000,636.910000,444.970000,2.000000,526.666687,420.000000,113.035786,45.408887,0,0.107000,0.000020
MP_T_Yoga_1,efficientpose,21,0.696464,ok,1,direct,0.198083,13,left_knee,1,1,2.000000,691.790000,568.350000,2.000000,646.666687,486.666656,93.318176,45.408887,0,0.087000,0.000014
MP_T_Yoga_1,efficientpose,21,0.696464,ok,1,direct,0.198083,14,right_knee,1,1,2.000000,633.860000,568.380000,2.000000,566.666687,486.666656,105.792305,45.408887,0,0.087000,0.000001
MP_T_Yoga_1,efficientpose,21,0.696464,ok,1,direct,0.198083,15,left_ankle,1,1,2.000000,685.780000,670.490000,2.000000,700.000000,620.000000,52.454251,45.408887,0,0.089000,0.034416
MP_T_Yoga_1,efficientpose,21,0.696464,ok,1,direct,0.198083,16,right_ankle,1,1,2.000000,645.470000,662.270000,2.000000,553.333313,606.666687,107.614579,45.408887,0,0.089000,0.000001
MP_T_Yoga_1,efficientpose,22,0.729629,ok,1,direct,0.204930,0,nose,1,1,2.000000,649.560000,240.340000,2.000000,646.666687,233.333328,7.580548,45.551058,1,0.026000,0.440703
MP_T_Yoga_1,efficientpose,22,0.729629,ok,1,direct,0.204930,1,left_eye,0,0,0.000000,0.000000,0.000000,2.000000,660.000000,220.000000,,,,0.025000,
MP_T_Yoga_1,efficientpose,22,0.729629,ok,1,direct,0.204930,2,right_eye,0,0,0.000000,0.000000,0.000000,2.000000,646.666687,220.000000,,,,0.025000,
MP_T_Yoga_1,efficientpose,22,0.729629,ok,1,direct,0.204930,3,left_ear,0,0,0.000000,0.000000,0.000000,2.000000,673.333313,233.333328,,,,0.035000,
MP_T_Yoga_1,efficientpose,22,0.729629,ok,1,direct,0.204930,4,right_ear,0,0,0.000000,0.000000,0.000000,2.000000,620.000000,233.333328,,,,0.035000,
MP_T_Yoga_1,efficientpose,22,0.729629,ok,1,direct,0.204930,5,left_shoulder,1,1,2.000000,703.700000,300.930000,2.000000,673.333313,326.666656,39.805919,45.551058,1,0.079000,0.086533
MP_T_Yoga_1,efficientpose,22,0.729629,ok,1,direct,0.204930,6,right_shoulder,1,1,2.000000,602.040000,304.810000,2.000000,566.666687,300.000000,35.698843,45.551058,1,0.079000,0.139697
MP_T_Yoga_1,efficientpose,22,0.729629,ok,1,direct,0.204930,7,left_elbow,1,1,2.000000,716.190000,381.880000,2.000000,700.000000,353.333344,32.818100,45.551058,1,0.072000,0.134983
MP_T_Yoga_1,efficientpose,22,0.729629,ok,1,direct,0.204930,8,right_elbow,1,1,2.000000,597.250000,380.870000,2.000000,526.666687,286.666656,117.712676,45.551058,0,0.072000,0.000000
MP_T_Yoga_1,efficientpose,22,0.729629,ok,1,direct,0.204930,9,left_wrist,1,1,2.000000,717.850000,445.450000,2.000000,700.000000,406.666656,42.693913,45.551058,1,0.062000,0.010351
MP_T_Yoga_1,efficientpose,22,0.729629,ok,1,direct,0.204930,10,right_wrist,1,1,2.000000,597.500000,447.500000,2.000000,540.000000,366.666656,99.198183,45.551058,0,0.062000,0.000000
MP_T_Yoga_1,efficientpose,22,0.729629,ok,1,direct,0.204930,11,left_hip,1,1,2.000000,685.560000,448.450000,2.000000,606.666687,393.333344,96.239289,45.551058,0,0.107000,0.000411
MP_T_Yoga_1,efficientpose,22,0.729629,ok,1,direct,0.204930,12,right_hip,1,1,2.000000,637.700000,444.690000,2.000000,486.666656,380.000000,164.304190,45.551058,0,0.107000,0.000000
MP_T_Yoga_1,efficientpose,22,0.729629,ok,1,direct,0.204930,13,left_knee,1,1,2.000000,692.230000,568.530000,2.000000,673.333313,500.000000,71.087592,45.551058,0,0.087000,0.001604
MP_T_Yoga_1,efficientpose,22,0.729629,ok,1,direct,0.204930,14,right_knee,1,1,2.000000,634.530000,567.770000,2.000000,540.000000,460.000000,143.353737,45.551058,0,0.087000,0.000000
MP_T_Yoga_1,efficientpose,22,0.729629,ok,1,direct,0.204930,15,left_ankle,1,1,2.000000,685.770000,670.460000,2.000000,686.666687,633.333313,37.137514,45.551058,1,0.089000,0.186685
MP_T_Yoga_1,efficientpose,22,0.729629,ok,1,direct,0.204930,16,right_ankle,1,1,2.000000,645.370000,661.470000,2.000000,540.000000,580.000000,133.192334,45.551058,0,0.089000,0.000000
MP_T_Yoga_1,efficientpose,23,0.762794,ok,1,direct,0.171458,0,nose,1,1,2.000000,650.980000,240.340000,2.000000,646.666687,233.333328,8.227887,46.558067,1,0.026000,0.396930
MP_T_Yoga_1,efficientpose,23,0.762794,ok,1,direct,0.171458,1,left_eye,0,0,0.000000,0.000000,0.000000,2.000000,660.000000,233.333328,,,,0.025000,
MP_T_Yoga_1,efficientpose,23,0.762794,ok,1,direct,0.171458,2,right_eye,0,0,0.000000,0.000000,0.000000,2.000000,633.333313,220.000000,,,,0.025000,
MP_T_Yoga_1,efficientpose,23,0.762794,ok,1,direct,0.171458,3,left_ear,0,0,0.000000,0.000000,0.000000,2.000000,673.333313,233.333328,,,,0.035000,
MP_T_Yoga_1,efficientpose,23,0.762794,ok,1,direct,0.171458,4,right_ear,0,0,0.000000,0.000000,0.000000,2.000000,620.000000,233.333328,,,,0.035000,
MP_T_Yoga_1,efficientpose,23,0.762794,ok,1,direct,0.171458,5,left_shoulder,1,1,2.000000,704.150000,300.870000,2.000000,700.000000,326.666656,26.128337,46.558067,1,0.079000,0.364483
MP_T_Yoga_1,efficientpose,23,0.762794,ok,1,direct,0.171458,6,right_shoulder,1,1,2.000000,603.840000,304.230000,2.000000,553.333313,313.333344,51.320525,46.558067,0,0.079000,0.020369
MP_T_Yoga_1,efficientpose,23,0.762794,ok,1,direct,0.171458,7,left_elbow,1,1,2.000000,716.510000,382.290000,2.000000,726.666687,353.333344,30.686255,46.558067,1,0.072000,0.187129
MP_T_Yoga_1,efficientpose,23,0.762794,ok,1,direct,0.171458,8,right_elbow,1,1,2.000000,598.470000,380.870000,2.000000,500.000000,286.666656,136.274028,46.558067,0,0.072000,0.000000
MP_T_Yoga_1,efficientpose,23,0.762794,ok,1,direct,0.171458,9,left_wrist,1,1,2.000000,721.960000,444.750000,2.000000,740.000000,393.333344,54.489578,46.558067,0,0.062000,0.000803
MP_T_Yoga_1,efficientpose,23,0.762794,ok,1,direct,0.171458,10,right_wrist,1,1,2.000000,595.960000,447.820000,2.000000,526.666687,380.000000,96.959350,46.558067,0,0.062000,0.000000
MP_T_Yoga_1,efficientpose,23,0.762794,ok,1,direct,0.171458,11,left_hip,1,1,2.000000,685.880000,448.400000,2.000000,660.000000,420.000000,38.423097,46.558067,1,0.107000,0.304296
MP_T_Yoga_1,efficientpose,23,0.762794,ok,1,direct,0.171458,12,right_hip,1,1,2.000000,638.480000,444.410000,2.000000,380.000000,353.333344,274.056322,46.558067,0,0.107000,0.000000
MP_T_Yoga_1,efficientpose,23,0.762794,ok,1,direct,0.171458,13,left_knee,1,1,2.000000,692.680000,568.700000,2.000000,646.666687,500.000000,82.685639,46.558067,0,0.087000,0.000240
MP_T_Yoga_1,efficientpose,23,0.762794,ok,1,direct,0.171458,14,right_knee,1,1,2.000000,635.210000,567.160000,2.000000,566.666687,486.666656,105.723054,46.558067,0,0.087000,0.000001
MP_T_Yoga_1,efficientpose,23,0.762794,ok,1,direct,0.171458,15,left_ankle,1,1,2.000000,685.760000,670.430000,2.000000,686.666687,620.000000,50.438150,46.558067,0,0.089000,0.051647
MP_T_Yoga_1,efficientpose,23,0.762794,ok,1,direct,0.171458,16,right_ankle,1,1,2.000000,645.270000,660.670000,2.000000,566.666687,606.666687,95.366863,46.558067,0,0.089000,0.000025
MP_T_Yoga_1,efficientpose,24,0.795959,ok,1,direct,0.213743,0,nose,1,1,2.000000,652.390000,240.340000,2.000000,646.666687,233.333328,9.047086,47.591182,1,0.026000,0.343293
MP_T_Yoga_1,efficientpose,24,0.795959,ok,1,direct,0.213743,1,left_eye,0,0,0.000000,0.000000,0.000000,2.000000,660.000000,233.333328,,,,0.025000,
MP_T_Yoga_1,efficientpose,24,0.795959,ok,1,direct,0.213743,2,right_eye,0,0,0.000000,0.000000,0.000000,2.000000,646.666687,220.000000,,,,0.025000,
MP_T_Yoga_1,efficientpose,24,0.795959,ok,1,direct,0.213743,3,left_ear,0,0,0.000000,0.000000,0.000000,2.000000,673.333313,233.333328,,,,0.035000,
MP_T_Yoga_1,efficientpose,24,0.795959,ok,1,direct,0.213743,4,right_ear,0,0,0.000000,0.000000,0.000000,2.000000,620.000000,233.333328,,,,0.035000,
MP_T_Yoga_1,efficientpose,24,0.795959,ok,1,direct,0.213743,5,left_shoulder,1,1,2.000000,704.600000,300.810000,2.000000,700.000000,313.333344,13.341444,47.591182,1,0.079000,0.777367
MP_T_Yoga_1,efficientpose,24,0.795959,ok,1,direct,0.213743,6,right_shoulder,1,1,2.000000,605.630000,303.650000,2.000000,593.333313,300.000000,12.826964,47.591182,1,0.079000,0.792317
MP_T_Yoga_1,efficientpose,24,0.795959,ok,1,direct,0.213743,7,left_elbow,1,1,2.000000,716.830000,382.700000,2.000000,753.333313,340.000000,56.176346,47.591182,0,0.072000,0.004629
MP_T_Yoga_1,efficientpose,24,0.795959,ok,1,direct,0.213743,8,right_elbow,1,1,2.000000,599.690000,380.870000,2.000000,513.333313,286.666656,127.795725,47.591182,0,0.072000,0.000000
MP_T_Yoga_1,efficientpose,24,0.795959,ok,1,direct,0.213743,9,left_wrist,1,1,2.000000,726.070000,444.040000,2.000000,740.000000,406.666656,39.884981,47.591182,1,0.062000,0.025878
MP_T_Yoga_1,efficientpose,24,0.795959,ok,1,direct,0.213743,10,right_wrist,1,1,2.000000,594.410000,448.140000,2.000000,513.333313,366.666656,114.940571,47.591182,0,0.062000,0.000000
MP_T_Yoga_1,efficientpose,24,0.795959,ok,1,direct,0.213743,11,left_hip,1,1,2.000000,686.200000,448.350000,2.000000,686.666687,433.333344,15.023907,47.591182,1,0.107000,0.840221
MP_T_Yoga_1,efficientpose,24,0.795959,ok,1,direct,0.213743,12,right_hip,1,1,2.000000,639.270000,444.130000,2.000000,553.333313,420.000000,89.260131,47.591182,0,0.107000,0.002144
MP_T_Yoga_1,efficientpose,24,0.795959,ok,1,direct,0.213743,13,left_knee,1,1,2.000000,693.130000,568.880000,2.000000,620.000000,486.666656,110.031953,47.591182,0,0.087000,0.000001
MP_T_Yoga_1,efficientpose,24,0.795959,ok,1,direct,0.213743,14,right_knee,1,1,2.000000,635.880000,566.550000,2.000000,580.000000,500.000000,86.899234,47.591182,0,0.087000,0.000149
MP_T_Yoga_1,efficientpose,24,0.795959,ok,1,direct,0.213743,15,left_ankle,1,1,2.000000,685.750000,670.410000,2.000000,686.666687,620.000000,50.418334,47.591182,0,0.089000,0.058787
MP_T_Yoga_1,efficientpose,24,0.795959,ok,1,direct,0.213743,16,right_ankle,1,1,2.000000,645.170000,659.880000,2.000000,633.333313,646.666687,17.739752,47.591182,1,0.089000,0.704106
MP_T_Yoga_1,efficientpose,25,0.829124,ok,1,direct,0.271220,0,nose,1,1,2.000000,653.800000,240.340000,2.000000,646.666687,233.333328,9.998880,48.601684,1,0.026000,0.285867
MP_T_Yoga_1,efficientpose,25,0.829124,ok,1,direct,0.271220,1,left_eye,0,0,0.000000,0.000000,0.000000,2.000000,660.000000,220.000000,,,,0.025000,
MP_T_Yoga_1,efficientpose,25,0.829124,ok,1,direct,0.271220,2,right_eye,0,0,0.000000,0.000000,0.000000,2.000000,646.666687,220.000000,,,,0.025000,
MP_T_Yoga_1,efficientpose,25,0.829124,ok,1,direct,0.271220,3,left_ear,0,0,0.000000,0.000000,0.000000,2.000000,673.333313,233.333328,,,,0.035000,
MP_T_Yoga_1,efficientpose,25,0.829124,ok,1,direct,0.271220,4,right_ear,0,0,0.000000,0.000000,0.000000,2.000000,633.333313,233.333328,,,,0.035000,
MP_T_Yoga_1,efficientpose,25,0.829124,ok,1,direct,0.271220,5,left_shoulder,1,1,2.000000,705.050000,300.740000,2.000000,700.000000,313.333344,13.568154,48.601684,1,0.079000,0.778991
MP_T_Yoga_1,efficientpose,25,0.829124,ok,1,direct,0.271220,6,right_shoulder,1,1,2.000000,607.430000,303.080000,2.000000,606.666687,300.000000,3.173176,48.601684,1,0.079000,0.986433
MP_T_Yoga_1,efficientpose,25,0.829124,ok,1,direct,0.271220,7,left_elbow,1,1,2.000000,717.150000,383.100000,2.000000,740.000000,380.000000,23.059326,48.601684,1,0.072000,0.419592
MP_T_Yoga_1,efficientpose,25,0.829124,ok,1,direct,0.271220,8,right_elbow,1,1,2.000000,600.910000,380.870000,2.000000,526.666687,286.666656,119.943068,48.601684,0,0.072000,0.000000
MP_T_Yoga_1,efficientpose,25,0.829124,ok,1,direct,0.271220,9,left_wrist,1,1,2.000000,730.190000,443.330000,2.000000,740.000000,433.333344,14.006043,48.601684,1,0.062000,0.649151
MP_T_Yoga_1,efficientpose,25,0.829124,ok,1,direct,0.271220,10,right_wrist,1,1,2.000000,592.870000,448.470000,2.000000,633.333313,433.333344,43.201829,48.601684,1,0.062000,0.016391
MP_T_Yoga_1,efficientpose,25,0.829124,ok,1,direct,0.271220,11,left_hip,1,1,2.000000,686.520000,448.300000,2.000000,686.666687,446.666656,1.639917,48.601684,1,0.107000,0.998013
MP_T_Yoga_1,efficientpose,25,0.829124,ok,1,direct,0.271220,12,right_hip,1,1,2.000000,640.060000,443.840000,2.000000,620.000000,460.000000,25.759449,48.601684,1,0.107000,0.612186
MP_T_Yoga_1,efficientpose,25,0.829124,ok,1,direct,0.271220,13,left_knee,1,1,2.000000,693.580000,569.050000,2.000000,686.666687,526.666687,42.943441,48.601684,1,0.087000,0.127082
MP_T_Yoga_1,efficientpose,25,0.829124,ok,1,direct,0.271220,14,right_knee,1,1,2.000000,636.560000,565.940000,2.000000,606.666687,513.333313,60.506807,48.601684,0,0.087000,0.016649
MP_T_Yoga_1,efficientpose,25,0.829124,ok,1,direct,0.271220,15,left_ankle,1,1,2.000000,685.740000,670.380000,2.000000,700.000000,633.333313,39.696406,48.601684,1,0.089000,0.185553
MP_T_Yoga_1,efficientpose,25,0.829124,ok,1,direct,0.271220,16,right_ankle,1,1,2.000000,645.070000,659.080000,2.000000,633.333313,646.666687,17.083330,48.601684,1,0.089000,0.732014
MP_T_Yoga_1,efficientpose,26,0.862289,ok,1,direct,0.285407,0,nose,1,1,2.000000,655.790000,240.240000,2.000000,646.666687,233.333328,11.442769,51.105772,1,0.026000,0.226906
MP_T_Yoga_1,efficientpose,26,0.862289,ok,1,direct,0.285407,1,left_eye,0,0,0.000000,0.000000,0.000000,2.000000,660.000000,233.333328,,,,0.025000,
MP_T_Yoga_1,efficientpose,26,0.862289,ok,1,direct,0.285407,2,right_eye,0,0,0.000000,0.000000,0.000000,2.000000,646.666687,233.333328,,,,0.025000,
MP_T_Yoga_1,efficientpose,26,0.862289,ok,1,direct,0.285407,3,left_ear,0,0,0.000000,0.000000,0.000000,2.000000,673.333313,246.666672,,,,0.035000,
MP_T_Yoga_1,efficientpose,26,0.862289,ok,1,direct,0.285407,4,right_ear,0,0,0.000000,0.000000,0.000000,2.000000,633.333313,246.666672,,,,0.035000,
MP_T_Yoga_1,efficientpose,26,0.862289,ok,1,direct,0.285407,5,left_shoulder,1,1,2.000000,706.450000,300.840000,2.000000,686.666687,300.000000,19.801138,51.105772,1,0.079000,0.618116
MP_T_Yoga_1,efficientpose,26,0.862289,ok,1,direct,0.285407,6,right_shoulder,1,1,2.000000,609.120000,303.380000,2.000000,593.333313,286.666656,22.990331,51.105772,1,0.079000,0.522817
MP_T_Yoga_1,efficientpose,26,0.862289,ok,1,direct,0.285407,7,left_elbow,1,1,2.000000,723.320000,381.110000,2.000000,726.666687,366.666656,14.826007,51.105772,1,0.072000,0.722749
MP_T_Yoga_1,efficientpose,26,0.862289,ok,1,direct,0.285407,8,right_elbow,1,1,2.000000,600.080000,380.870000,2.000000,540.000000,313.333344,90.392513,51.105772,0,0.072000,0.000006
MP_T_Yoga_1,efficientpose,26,0.862289,ok,1,direct,0.285407,9,left_wrist,1,1,2.000000,739.350000,440.640000,2.000000,740.000000,420.000000,20.650232,51.105772,1,0.062000,0.427634
MP_T_Yoga_1,efficientpose,26,0.862289,ok,1,direct,0.285407,10,right_wrist,1,1,2.000000,587.540000,446.410000,2.000000,513.333313,286.666656,176.137924,51.105772,0,0.062000,0.000000
MP_T_Yoga_1,efficientpose,26,0.862289,ok,1,direct,0.285407,11,left_hip,1,1,2.000000,688.210000,448.300000,2.000000,673.333313,420.000000,31.971954,51.105772,1,0.107000,0.504750
MP_T_Yoga_1,efficientpose,26,0.862289,ok,1,direct,0.285407,12,right_hip,1,1,2.000000,640.850000,443.560000,2.000000,580.000000,420.000000,65.251790,51.105772,0,0.107000,0.057973
MP_T_Yoga_1,efficientpose,26,0.862289,ok,1,direct,0.285407,13,left_knee,1,1,2.000000,694.030000,569.230000,2.000000,646.666687,486.666656,95.183975,51.105772,0,0.087000,0.000105
MP_T_Yoga_1,efficientpose,26,0.862289,ok,1,direct,0.285407,14,right_knee,1,1,2.000000,636.340000,565.690000,2.000000,580.000000,473.333344,108.184785,51.105772,0,0.087000,0.000007
MP_T_Yoga_1,efficientpose,26,0.862289,ok,1,direct,0.285407,15,left_ankle,1,1,2.000000,685.730000,670.350000,2.000000,686.666687,633.333313,37.028536,51.105772,1,0.089000,0.265667
MP_T_Yoga_1,efficientpose,26,0.862289,ok,1,direct,0.285407,16,right_ankle,1,1,2.000000,644.970000,658.290000,2.000000,633.333313,646.666687,16.447306,51.105772,1,0.089000,0.769883
MP_T_Yoga_1,efficientpose,27,0.895454,ok,1,direct,0.472269,0,nose,1,1,2.000000,657.780000,240.140000,2.000000,660.000000,233.333328,7.159552,53.495135,1,0.026000,0.588641
MP_T_Yoga_1,efficientpose,27,0.895454,ok,1,direct,0.472269,1,left_eye,0,0,0.000000,0.000000,0.000000,2.000000,660.000000,233.333328,,,,0.025000,
MP_T_Yoga_1,efficientpose,27,0.895454,ok,1,direct,0.472269,2,right_eye,0,0,0.000000,0.000000,0.000000,2.000000,646.666687,233.333328,,,,0.025000,
MP_T_Yoga_1,efficientpose,27,0.895454,ok,1,direct,0.472269,3,left_ear,0,0,0.000000,0.000000,0.000000,2.000000,673.333313,246.666672,,,,0.035000,
MP_T_Yoga_1,efficientpose,27,0.895454,ok,1,direct,0.472269,4,right_ear,0,0,0.000000,0.000000,0.000000,2.000000,633.333313,246.666672,,,,0.035000,
MP_T_Yoga_1,efficientpose,27,0.895454,ok,1,direct,0.472269,5,left_shoulder,1,1,2.000000,707.840000,300.940000,2.000000,700.000000,300.000000,7.896151,53.495135,1,0.079000,0.932562
MP_T_Yoga_1,efficientpose,27,0.895454,ok,1,direct,0.472269,6,right_shoulder,1,1,2.000000,610.820000,303.670000,2.000000,593.333313,286.666656,24.390529,53.495135,1,0.079000,0.513669
MP_T_Yoga_1,efficientpose,27,0.895454,ok,1,direct,0.472269,7,left_elbow,1,1,2.000000,729.490000,379.120000,2.000000,740.000000,380.000000,10.546777,53.495135,1,0.072000,0.860742
MP_T_Yoga_1,efficientpose,27,0.895454,ok,1,direct,0.472269,8,right_elbow,1,1,2.000000,599.240000,380.880000,2.000000,540.000000,313.333344,89.843911,53.495135,0,0.072000,0.000019
MP_T_Yoga_1,efficientpose,27,0.895454,ok,1,direct,0.472269,9,left_wrist,1,1,2.000000,748.510000,437.950000,2.000000,753.333313,420.000000,18.586739,53.495135,1,0.062000,0.533608
MP_T_Yoga_1,efficientpose,27,0.895454,ok,1,direct,0.472269,10,right_wrist,1,1,2.000000,582.200000,444.350000,2.000000,660.000000,406.666656,86.445789,53.495135,0,0.062000,0.000001
MP_T_Yoga_1,efficientpose,27,0.895454,ok,1,direct,0.472269,11,left_hip,1,1,2.000000,689.900000,448.300000,2.000000,686.666687,433.333344,15.311927,53.495135,1,0.107000,0.866652
MP_T_Yoga_1,efficientpose,27,0.895454,ok,1,direct,0.472269,12,right_hip,1,1,2.000000,641.640000,443.280000,2.000000,606.666687,446.666656,35.136905,53.495135,1,0.107000,0.470653
MP_T_Yoga_1,efficientpose,27,0.895454,ok,1,direct,0.472269,13,left_knee,1,1,2.000000,694.470000,569.400000,2.000000,673.333313,526.666687,47.674895,53.495135,1,0.087000,0.122620
MP_T_Yoga_1,efficientpose,27,0.895454,ok,1,direct,0.472269,14,right_knee,1,1,2.000000,636.130000,565.430000,2.000000,606.666687,486.666656,84.093704,53.495135,0,0.087000,0.001460
MP_T_Yoga_1,efficientpose,27,0.895454,ok,1,direct,0.472269,15,left_ankle,1,1,2.000000,685.720000,670.320000,2.000000,686.666687,620.000000,50.328904,53.495135,1,0.089000,0.107004
MP_T_Yoga_1,efficientpose,27,0.895454,ok,1,direct,0.472269,16,right_ankle,1,1,2.000000,644.870000,657.490000,2.000000,633.333313,633.333313,26.770145,53.495135,1,0.089000,0.531368
MP_T_Yoga_1,efficientpose,28,0.928619,ok,1,direct,0.381066,0,nose,1,1,2.000000,659.770000,240.040000,2.000000,660.000000,233.333328,6.710614,55.785164,1,0.026000,0.651730
MP_T_Yoga_1,efficientpose,28,0.928619,ok,1,direct,0.381066,1,left_eye,0,0,0.000000,0.000000,0.000000,2.000000,660.000000,233.333328,,,,0.025000,
MP_T_Yoga_1,efficientpose,28,0.928619,ok,1,direct,0.381066,2,right_eye,0,0,0.000000,0.000000,0.000000,2.000000,646.666687,233.333328,,,,0.025000,
MP_T_Yoga_1,efficientpose,28,0.928619,ok,1,direct,0.381066,3,left_ear,0,0,0.000000,0.000000,0.000000,2.000000,686.666687,233.333328,,,,0.035000,
MP_T_Yoga_1,efficientpose,28,0.928619,ok,1,direct,0.381066,4,right_ear,0,0,0.000000,0.000000,0.000000,2.000000,633.333313,233.333328,,,,0.035000,
MP_T_Yoga_1,efficientpose,28,0.928619,ok,1,direct,0.381066,5,left_shoulder,1,1,2.000000,709.230000,301.040000,2.000000,713.333313,300.000000,4.233058,55.785164,1,0.079000,0.981717
MP_T_Yoga_1,efficientpose,28,0.928619,ok,1,direct,0.381066,6,right_shoulder,1,1,2.000000,612.510000,303.970000,2.000000,606.666687,286.666656,18.263351,55.785164,1,0.079000,0.709299
MP_T_Yoga_1,efficientpose,28,0.928619,ok,1,direct,0.381066,7,left_elbow,1,1,2.000000,735.660000,377.130000,2.000000,766.666687,380.000000,31.139228,55.785164,1,0.072000,0.300560
MP_T_Yoga_1,efficientpose,28,0.928619,ok,1,direct,0.381066,8,right_elbow,1,1,2.000000,598.410000,380.890000,2.000000,540.000000,300.000000,99.774346,55.785164,0,0.072000,0.000004
MP_T_Yoga_1,efficientpose,28,0.928619,ok,1,direct,0.381066,9,left_wrist,1,1,2.000000,757.680000,435.260000,2.000000,753.333313,420.000000,15.866987,55.785164,1,0.062000,0.656444
MP_T_Yoga_1,efficientpose,28,0.928619,ok,1,direct,0.381066,10,right_wrist,1,1,2.000000,576.860000,442.290000,2.000000,500.000000,233.333328,222.643999,55.785164,0,0.062000,0.000000
MP_T_Yoga_1,efficientpose,28,0.928619,ok,1,direct,0.381066,11,left_hip,1,1,2.000000,691.600000,448.300000,2.000000,686.666687,446.666656,5.196671,55.785164,1,0.107000,0.984955
MP_T_Yoga_1,efficientpose,28,0.928619,ok,1,direct,0.381066,12,right_hip,1,1,2.000000,642.420000,443.000000,2.000000,620.000000,446.666656,22.717851,55.785164,1,0.107000,0.748483
MP_T_Yoga_1,efficientpose,28,0.928619,ok,1,direct,0.381066,13,left_knee,1,1,2.000000,694.920000,569.570000,2.000000,686.666687,553.333313,18.213928,55.785164,1,0.087000,0.754513
MP_T_Yoga_1,efficientpose,28,0.928619,ok,1,direct,0.381066,14,right_knee,1,1,2.000000,635.910000,565.180000,2.000000,566.666687,486.666656,104.685154,55.785164,0,0.087000,0.000091
MP_T_Yoga_1,efficientpose,28,0.928619,ok,1,direct,0.381066,15,left_ankle,1,1,2.000000,685.700000,670.300000,2.000000,686.666687,633.333313,36.979324,55.785164,1,0.089000,0.329721
MP_T_Yoga_1,efficientpose,28,0.928619,ok,1,direct,0.381066,16,right_ankle,1,1,2.000000,644.770000,656.690000,2.000000,606.666687,633.333313,44.692251,55.785164,1,0.089000,0.197779
MP_T_Yoga_1,efficientpose,29,0.961784,ok,1,direct,0.398720,0,nose,1,1,2.000000,661.760000,239.940000,2.000000,660.000000,233.333328,6.837084,59.559183,1,0.026000,0.677140
MP_T_Yoga_1,efficientpose,29,0.961784,ok,1,direct,0.398720,1,left_eye,0,0,0.000000,0.000000,0.000000,2.000000,660.000000,233.333328,,,,0.025000,
MP_T_Yoga_1,efficientpose,29,0.961784,ok,1,direct,0.398720,2,right_eye,0,0,0.000000,0.000000,0.000000,2.000000,646.666687,233.333328,,,,0.025000,
MP_T_Yoga_1,efficientpose,29,0.961784,ok,1,direct,0.398720,3,left_ear,0,0,0.000000,0.000000,0.000000,2.000000,686.666687,233.333328,,,,0.035000,
MP_T_Yoga_1,efficientpose,29,0.961784,ok,1,direct,0.398720,4,right_ear,0,0,0.000000,0.000000,0.000000,2.000000,646.666687,233.333328,,,,0.035000,
MP_T_Yoga_1,efficientpose,29,0.961784,ok,1,direct,0.398720,5,left_shoulder,1,1,2.000000,710.620000,301.140000,2.000000,713.333313,300.000000,2.943071,59.559183,1,0.079000,0.992206
MP_T_Yoga_1,efficientpose,29,0.961784,ok,1,direct,0.398720,6,right_shoulder,1,1,2.000000,614.200000,304.270000,2.000000,606.666687,286.666656,19.147546,59.559183,1,0.079000,0.718054
MP_T_Yoga_1,efficientpose,29,0.961784,ok,1,direct,0.398720,7,left_elbow,1,1,2.000000,741.830000,375.140000,2.000000,766.666687,380.000000,25.307719,59.559183,1,0.072000,0.498285
MP_T_Yoga_1,efficientpose,29,0.961784,ok,1,direct,0.398720,8,right_elbow,1,1,2.000000,595.430000,380.630000,2.000000,540.000000,313.333344,87.185577,59.559183,0,0.072000,0.000257
MP_T_Yoga_1,efficientpose,29,0.961784,ok,1,direct,0.398720,9,left_wrist,1,1,2.000000,772.790000,430.340000,2.000000,766.666687,420.000000,12.017095,59.559183,1,0.062000,0.809118
MP_T_Yoga_1,efficientpose,29,0.961784,ok,1,direct,0.398720,10,right_wrist,1,1,2.000000,566.710000,439.160000,2.000000,500.000000,246.666672,203.725073,59.559183,0,0.062000,0.000000
MP_T_Yoga_1,efficientpose,29,0.961784,ok,1,direct,0.398720,11,left_hip,1,1,2.000000,693.290000,448.300000,2.000000,686.666687,446.666656,6.821736,59.559183,1,0.107000,0.977344
MP_T_Yoga_1,efficientpose,29,0.961784,ok,1,direct,0.398720,12,right_hip,1,1,2.000000,643.210000,442.710000,2.000000,620.000000,460.000000,28.942153,59.559183,1,0.107000,0.661992
MP_T_Yoga_1,efficientpose,29,0.961784,ok,1,direct,0.398720,13,left_knee,1,1,2.000000,695.370000,569.750000,2.000000,686.666687,553.333313,18.581046,59.559183,1,0.087000,0.773230
MP_T_Yoga_1,efficientpose,29,0.961784,ok,1,direct,0.398720,14,right_knee,1,1,2.000000,635.690000,564.930000,2.000000,553.333313,486.666656,113.612389,59.559183,0,0.087000,0.000067
MP_T_Yoga_1,efficientpose,29,0.961784,ok,1,direct,0.398720,15,left_ankle,1,1,2.000000,685.690000,670.270000,2.000000,686.666687,633.333313,36.949598,59.559183,1,0.089000,0.378405
MP_T_Yoga_1,efficientpose,29,0.961784,ok,1,direct,0.398720,16,right_ankle,1,1,2.000000,644.670000,655.900000,2.000000,606.666687,633.333313,44.198497,59.559183,1,0.089000,0.248954
MP_T_Yoga_1,efficientpose,30,0.994949,ok,1,direct,0.263315,0,nose,1,1,2.000000,663.750000,239.840000,2.000000,660.000000,233.333328,7.509945,63.109028,1,0.026000,0.657730
MP_T_Yoga_1,efficientpose,30,0.994949,ok,1,direct,0.263315,1,left_eye,0,0,0.000000,0.000000,0.000000,2.000000,673.333313,233.333328,,,,0.025000,
MP_T_Yoga_1,efficientpose,30,0.994949,ok,1,direct,0.263315,2,right_eye,0,0,0.000000,0.000000,0.000000,2.000000,660.000000,220.000000,,,,0.025000,
MP_T_Yoga_1,efficientpose,30,0.994949,ok,1,direct,0.263315,3,left_ear,0,0,0.000000,0.000000,0.000000,2.000000,686.666687,246.666672,,,,0.035000,
MP_T_Yoga_1,efficientpose,30,0.994949,ok,1,direct,0.263315,4,right_ear,0,0,0.000000,0.000000,0.000000,2.000000,646.666687,233.333328,,,,0.035000,
MP_T_Yoga_1,efficientpose,30,0.994949,ok,1,direct,0.263315,5,left_shoulder,1,1,2.000000,712.020000,301.240000,2.000000,713.333313,300.000000,1.806209,63.109028,1,0.079000,0.997378
MP_T_Yoga_1,efficientpose,30,0.994949,ok,1,direct,0.263315,6,right_shoulder,1,1,2.000000,615.890000,304.570000,2.000000,606.666687,286.666656,20.139494,63.109028,1,0.079000,0.721549
MP_T_Yoga_1,efficientpose,30,0.994949,ok,1,direct,0.263315,7,left_elbow,1,1,2.000000,748.000000,373.150000,2.000000,766.666687,380.000000,19.883855,63.109028,1,0.072000,0.681822
MP_T_Yoga_1,efficientpose,30,0.994949,ok,1,direct,0.263315,8,right_elbow,1,1,2.000000,592.460000,380.370000,2.000000,540.000000,286.666656,107.388864,63.109028,0,0.072000,0.000014
MP_T_Yoga_1,efficientpose,30,0.994949,ok,1,direct,0.263315,9,left_wrist,1,1,2.000000,787.900000,425.420000,2.000000,793.333313,406.666656,19.524569,63.109028,1,0.062000,0.607747
MP_T_Yoga_1,efficientpose,30,0.994949,ok,1,direct,0.263315,10,right_wrist,1,1,2.000000,556.560000,436.030000,2.000000,500.000000,246.666672,197.629714,63.109028,0,0.062000,0.000000
MP_T_Yoga_1,efficientpose,30,0.994949,ok,1,direct,0.263315,11,left_hip,1,1,2.000000,694.980000,448.300000,2.000000,686.666687,446.666656,8.472248,63.109028,1,0.107000,0.969007
MP_T_Yoga_1,efficientpose,30,0.994949,ok,1,direct,0.263315,12,right_hip,1,1,2.000000,644.000000,442.430000,2.000000,660.000000,446.666656,16.551413,63.109028,1,0.107000,0.886781
MP_T_Yoga_1,efficientpose,30,0.994949,ok,1,direct,0.263315,13,left_knee,1,1,2.000000,695.820000,569.920000,2.000000,686.666687,540.000000,31.288809,63.109028,1,0.087000,0.522301
MP_T_Yoga_1,efficientpose,30,0.994949,ok,1,direct,0.263315,14,right_knee,1,1,2.000000,635.480000,564.670000,2.000000,620.000000,513.333313,53.619827,63.109028,1,0.087000,0.148454
MP_T_Yoga_1,efficientpose,30,0.994949,ok,1,direct,0.263315,15,left_ankle,1,1,2.000000,685.680000,670.240000,2.000000,686.666687,620.000000,50.249688,63.109028,1,0.089000,0.201738
MP_T_Yoga_1,efficientpose,30,0.994949,ok,1,direct,0.263315,16,right_ankle,1,1,2.000000,644.570000,655.100000,2.000000,633.333313,646.666687,14.049338,63.109028,1,0.089000,0.882378
MP_T_Yoga_1,efficientpose,31,1.028114,ok,1,direct,0.145909,0,nose,1,1,2.000000,665.350000,239.840000,2.000000,660.000000,220.000000,20.548676,66.053698,1,0.026000,0.057084
MP_T_Yoga_1,efficientpose,31,1.028114,ok,1,direct,0.145909,1,left_eye,0,0,0.000000,0.000000,0.000000,2.000000,660.000000,220.000000,,,,0.025000,
MP_T_Yoga_1,efficientpose,31,1.028114,ok,1,direct,0.145909,2,right_eye,0,0,0.000000,0.000000,0.000000,2.000000,646.666687,220.000000,,,,0.025000,
MP_T_Yoga_1,efficientpose,31,1.028114,ok,1,direct,0.145909,3,left_ear,0,0,0.000000,0.000000,0.000000,2.000000,673.333313,233.333328,,,,0.035000,
MP_T_Yoga_1,efficientpose,31,1.028114,ok,1,direct,0.145909,4,right_ear,0,0,0.000000,0.000000,0.000000,2.000000,420.000000,340.000000,,,,0.035000,
MP_T_Yoga_1,efficientpose,31,1.028114,ok,1,direct,0.145909,5,left_shoulder,1,1,2.000000,715.310000,302.240000,2.000000,700.000000,300.000000,15.472999,66.053698,1,0.079000,0.838748
MP_T_Yoga_1,efficientpose,31,1.028114,ok,1,direct,0.145909,6,right_shoulder,1,1,2.000000,617.360000,304.440000,2.000000,553.333313,300.000000,64.180451,66.053698,1,0.079000,0.048537
MP_T_Yoga_1,efficientpose,31,1.028114,ok,1,direct,0.145909,7,left_elbow,1,1,2.000000,754.660000,366.490000,2.000000,766.666687,366.666656,12.007987,66.053698,1,0.072000,0.880293
MP_T_Yoga_1,efficientpose,31,1.028114,ok,1,direct,0.145909,8,right_elbow,1,1,2.000000,588.990000,374.640000,2.000000,526.666687,286.666656,107.812358,66.053698,0,0.072000,0.000034
MP_T_Yoga_1,efficientpose,31,1.028114,ok,1,direct,0.145909,9,left_wrist,1,1,2.000000,800.280000,413.570000,2.000000,793.333313,393.333344,21.395764,66.053698,1,0.062000,0.579324
MP_T_Yoga_1,efficientpose,31,1.028114,ok,1,direct,0.145909,10,right_wrist,1,1,2.000000,546.830000,426.570000,2.000000,500.000000,246.666672,185.898511,66.053698,0,0.062000,0.000000
MP_T_Yoga_1,efficientpose,31,1.028114,ok,1,direct,0.145909,11,left_hip,1,1,2.000000,695.870000,447.040000,2.000000,673.333313,420.000000,35.200339,66.053698,1,0.107000,0.608906
MP_T_Yoga_1,efficientpose,31,1.028114,ok,1,direct,0.145909,12,right_hip,1,1,2.000000,644.790000,442.150000,2.000000,446.666656,340.000000,222.906890,66.053698,0,0.107000,0.000000
MP_T_Yoga_1,efficientpose,31,1.028114,ok,1,direct,0.145909,13,left_knee,1,1,2.000000,697.310000,569.720000,2.000000,526.666687,406.666656,236.020196,66.053698,0,0.087000,0.000000
MP_T_Yoga_1,efficientpose,31,1.028114,ok,1,direct,0.145909,14,right_knee,1,1,2.000000,630.620000,559.430000,2.000000,540.000000,393.333344,189.209100,66.053698,0,0.087000,0.000000
MP_T_Yoga_1,efficientpose,31,1.028114,ok,1,direct,0.145909,15,left_ankle,1,1,2.000000,685.670000,670.210000,2.000000,633.333313,620.000000,72.527049,66.053698,0,0.089000,0.047640
MP_T_Yoga_1,efficientpose,31,1.028114,ok,1,direct,0.145909,16,right_ankle,1,1,2.000000,644.480000,654.310000,2.000000,553.333313,606.666687,102.847478,66.053698,0,0.089000,0.002196
MP_T_Yoga_1,efficientpose,32,1.061279,ok,1,direct,0.171923,0,nose,1,1,2.000000,666.950000,239.840000,2.000000,660.000000,233.333328,9.520466,68.872198,1,0.026000,0.568165
MP_T_Yoga_1,efficientpose,32,1.061279,ok,1,direct,0.171923,1,left_eye,0,0,0.000000,0.000000,0.000000,2.000000,673.333313,220.000000,,,,0.025000,
MP_T_Yoga_1,efficientpose,32,1.061279,ok,1,direct,0.171923,2,right_eye,0,0,0.000000,0.000000,0.000000,2.000000,660.000000,220.000000,,,,0.025000,
MP_T_Yoga_1,efficientpose,32,1.061279,ok,1,direct,0.171923,3,left_ear,0,0,0.000000,0.000000,0.000000,2.000000,686.666687,233.333328,,,,0.035000,
MP_T_Yoga_1,efficientpose,32,1.061279,ok,1,direct,0.171923,4,right_ear,0,0,0.000000,0.000000,0.000000,2.000000,633.333313,233.333328,,,,0.035000,
MP_T_Yoga_1,efficientpose,32,1.061279,ok,1,direct,0.171923,5,left_shoulder,1,1,2.000000,718.600000,303.250000,2.000000,713.333313,300.000000,6.188739,68.872198,1,0.079000,0.974456
MP_T_Yoga_1,efficientpose,32,1.061279,ok,1,direct,0.171923,6,right_shoulder,1,1,2.000000,618.820000,304.300000,2.000000,580.000000,286.666656,42.637158,68.872198,1,0.079000,0.292823
MP_T_Yoga_1,efficientpose,32,1.061279,ok,1,direct,0.171923,7,left_elbow,1,1,2.000000,761.320000,359.830000,2.000000,780.000000,340.000000,27.242821,68.872198,1,0.072000,0.546815
MP_T_Yoga_1,efficientpose,32,1.061279,ok,1,direct,0.171923,8,right_elbow,1,1,2.000000,585.530000,368.910000,2.000000,526.666687,273.333344,112.248772,68.872198,0,0.072000,0.000035
MP_T_Yoga_1,efficientpose,32,1.061279,ok,1,direct,0.171923,9,left_wrist,1,1,2.000000,812.670000,401.710000,2.000000,806.666687,393.333344,10.305733,68.872198,1,0.062000,0.890032
MP_T_Yoga_1,efficientpose,32,1.061279,ok,1,direct,0.171923,10,right_wrist,1,1,2.000000,537.110000,417.110000,2.000000,500.000000,220.000000,200.572940,68.872198,0,0.062000,0.000000
MP_T_Yoga_1,efficientpose,32,1.061279,ok,1,direct,0.171923,11,left_hip,1,1,2.000000,696.760000,445.770000,2.000000,673.333313,433.333344,26.523199,68.872198,1,0.107000,0.771765
MP_T_Yoga_1,efficientpose,32,1.061279,ok,1,direct,0.171923,12,right_hip,1,1,2.000000,645.570000,441.870000,2.000000,380.000000,340.000000,284.437905,68.872198,0,0.107000,0.000000
MP_T_Yoga_1,efficientpose,32,1.061279,ok,1,direct,0.171923,13,left_knee,1,1,2.000000,698.800000,569.520000,2.000000,526.666687,420.000000,228.004622,68.872198,0,0.087000,0.000000
MP_T_Yoga_1,efficientpose,32,1.061279,ok,1,direct,0.171923,14,right_knee,1,1,2.000000,625.770000,554.180000,2.000000,526.666687,406.666656,177.712276,68.872198,0,0.087000,0.000000
MP_T_Yoga_1,efficientpose,32,1.061279,ok,1,direct,0.171923,15,left_ankle,1,1,2.000000,685.660000,670.180000,2.000000,620.000000,606.666687,91.351938,68.872198,0,0.089000,0.011770
MP_T_Yoga_1,efficientpose,32,1.061279,ok,1,direct,0.171923,16,right_ankle,1,1,2.000000,644.380000,653.510000,2.000000,526.666687,553.333313,154.569702,68.872198,0,0.089000,0.000003
MP_T_Yoga_1,efficientpose,33,1.094444,ok,1,direct,0.141859,0,nose,1,1,2.000000,668.550000,239.840000,2.000000,660.000000,220.000000,21.603891,71.581466,1,0.026000,0.067548
MP_T_Yoga_1,efficientpose,33,1.094444,ok,1,direct,0.141859,1,left_eye,0,0,0.000000,0.000000,0.000000,2.000000,446.666656,300.000000,,,,0.025000,
MP_T_Yoga_1,efficientpose,33,1.094444,ok,1,direct,0.141859,2,right_eye,0,0,0.000000,0.000000,0.000000,2.000000,446.666656,300.000000,,,,0.025000,
MP_T_Yoga_1,efficientpose,33,1.094444,ok,1,direct,0.141859,3,left_ear,0,0,0.000000,0.000000,0.000000,2.000000,700.000000,233.333328,,,,0.035000,
MP_T_Yoga_1,efficientpose,33,1.094444,ok,1,direct,0.141859,4,right_ear,0,0,0.000000,0.000000,0.000000,2.000000,393.333344,326.666656,,,,0.035000,
MP_T_Yoga_1,efficientpose,33,1.094444,ok,1,direct,0.141859,5,left_shoulder,1,1,2.000000,721.900000,304.250000,2.000000,446.666656,326.666656,276.144708,71.581466,0,0.079000,0.000000
MP_T_Yoga_1,efficientpose,33,1.094444,ok,1,direct,0.141859,6,right_shoulder,1,1,2.000000,620.290000,304.170000,2.000000,513.333313,313.333344,107.348497,71.581466,0,0.079000,0.000741
MP_T_Yoga_1,efficientpose,33,1.094444,ok,1,direct,0.141859,7,left_elbow,1,1,2.000000,767.980000,353.170000,2.000000,486.666656,366.666656,281.636924,71.581466,0,0.072000,0.000000
MP_T_Yoga_1,efficientpose,33,1.094444,ok,1,direct,0.141859,8,right_elbow,1,1,2.000000,582.070000,363.190000,2.000000,526.666687,326.666656,66.358735,71.581466,1,0.072000,0.036313
MP_T_Yoga_1,efficientpose,33,1.094444,ok,1,direct,0.141859,9,left_wrist,1,1,2.000000,825.060000,389.860000,2.000000,806.666687,380.000000,20.869441,71.581466,1,0.062000,0.642589
MP_T_Yoga_1,efficientpose,33,1.094444,ok,1,direct,0.141859,10,right_wrist,1,1,2.000000,527.380000,407.660000,2.000000,526.666687,380.000000,27.669196,71.581466,1,0.062000,0.459604
MP_T_Yoga_1,efficientpose,33,1.094444,ok,1,direct,0.141859,11,left_hip,1,1,2.000000,697.650000,444.510000,2.000000,446.666656,380.000000,259.141233,71.581466,0,0.107000,0.000000
MP_T_Yoga_1,efficientpose,33,1.094444,ok,1,direct,0.141859,12,right_hip,1,1,2.000000,646.360000,441.580000,2.000000,380.000000,366.666656,276.694161,71.581466,0,0.107000,0.000000
MP_T_Yoga_1,efficientpose,33,1.094444,ok,1,direct,0.141859,13,left_knee,1,1,2.000000,700.290000,569.330000,2.000000,486.666656,460.000000,239.974961,71.581466,0,0.087000,0.000000
MP_T_Yoga_1,efficientpose,33,1.094444,ok,1,direct,0.141859,14,right_knee,1,1,2.000000,620.920000,548.930000,2.000000,500.000000,460.000000,150.100604,71.581466,0,0.087000,0.000009
MP_T_Yoga_1,efficientpose,33,1.094444,ok,1,direct,0.141859,15,left_ankle,1,1,2.000000,685.650000,670.160000,2.000000,820.000000,366.666656,331.900786,71.581466,0,0.089000,0.000000
MP_T_Yoga_1,efficientpose,33,1.094444,ok,1,direct,0.141859,16,right_ankle,1,1,2.000000,644.280000,652.710000,2.000000,526.666687,606.666687,126.304703,71.581466,0,0.089000,0.000385
MP_T_Yoga_1,efficientpose,34,1.127609,ok,1,direct,0.204324,0,nose,1,1,2.000000,670.150000,239.840000,2.000000,673.333313,246.666672,7.532392,74.189605,1,0.026000,0.737142
MP_T_Yoga_1,efficientpose,34,1.127609,ok,1,direct,0.204324,1,left_eye,0,0,0.000000,0.000000,0.000000,2.000000,673.333313,233.333328,,,,0.025000,
MP_T_Yoga_1,efficientpose,34,1.127609,ok,1,direct,0.204324,2,right_eye,0,0,0.000000,0.000000,0.000000,2.000000,673.333313,233.333328,,,,0.025000,
MP_T_Yoga_1,efficientpose,34,1.127609,ok,1,direct,0.204324,3,left_ear,0,0,0.000000,0.000000,0.000000,2.000000,686.666687,233.333328,,,,0.035000,
MP_T_Yoga_1,efficientpose,34,1.127609,ok,1,direct,0.204324,4,right_ear,0,0,0.000000,0.000000,0.000000,2.000000,646.666687,233.333328,,,,0.035000,
MP_T_Yoga_1,efficientpose,34,1.127609,ok,1,direct,0.204324,5,left_shoulder,1,1,2.000000,722.290000,303.080000,2.000000,700.000000,300.000000,22.501789,74.189605,1,0.079000,0.744682
MP_T_Yoga_1,efficientpose,34,1.127609,ok,1,direct,0.204324,6,right_shoulder,1,1,2.000000,621.750000,304.040000,2.000000,593.333313,286.666656,33.306774,74.189605,1,0.079000,0.524199
MP_T_Yoga_1,efficientpose,34,1.127609,ok,1,direct,0.204324,7,left_elbow,1,1,2.000000,774.640000,346.510000,2.000000,780.000000,313.333344,33.606847,74.189605,1,0.072000,0.453096
MP_T_Yoga_1,efficientpose,34,1.127609,ok,1,direct,0.204324,8,right_elbow,1,1,2.000000,578.600000,357.460000,2.000000,540.000000,326.666656,49.378032,74.189605,1,0.072000,0.181044
MP_T_Yoga_1,efficientpose,34,1.127609,ok,1,direct,0.204324,9,left_wrist,1,1,2.000000,837.450000,378.000000,2.000000,833.333313,380.000000,4.576801,74.189605,1,0.062000,0.980394
MP_T_Yoga_1,efficientpose,34,1.127609,ok,1,direct,0.204324,10,right_wrist,1,1,2.000000,517.660000,398.200000,2.000000,526.666687,380.000000,20.306659,74.189605,1,0.062000,0.677195
MP_T_Yoga_1,efficientpose,34,1.127609,ok,1,direct,0.204324,11,left_hip,1,1,2.000000,698.550000,443.240000,2.000000,486.666656,353.333344,230.168977,74.189605,0,0.107000,0.000000
MP_T_Yoga_1,efficientpose,34,1.127609,ok,1,direct,0.204324,12,right_hip,1,1,2.000000,647.150000,441.300000,2.000000,473.333344,353.333344,194.808528,74.189605,0,0.107000,0.000006
MP_T_Yoga_1,efficientpose,34,1.127609,ok,1,direct,0.204324,13,left_knee,1,1,2.000000,701.790000,569.130000,2.000000,500.000000,446.666656,236.043374,74.189605,0,0.087000,0.000000
MP_T_Yoga_1,efficientpose,34,1.127609,ok,1,direct,0.204324,14,right_knee,1,1,2.000000,616.070000,543.690000,2.000000,500.000000,446.666656,151.280448,74.189605,0,0.087000,0.000017
MP_T_Yoga_1,efficientpose,34,1.127609,ok,1,direct,0.204324,15,left_ankle,1,1,2.000000,685.640000,670.130000,2.000000,460.000000,393.333344,357.113145,74.189605,0,0.089000,0.000000
MP_T_Yoga_1,efficientpose,34,1.127609,ok,1,direct,0.204324,16,right_ankle,1,1,2.000000,644.180000,651.920000,2.000000,540.000000,593.333313,119.523522,74.189605,0,0.089000,0.001425
MP_T_Yoga_1,efficientpose,35,1.160774,ok,1,direct,0.266440,0,nose,1,1,2.000000,671.750000,239.840000,2.000000,660.000000,233.333328,13.431280,76.708772,1,0.026000,0.403716
MP_T_Yoga_1,efficientpose,35,1.160774,ok,1,direct,0.266440,1,left_eye,0,0,0.000000,0.000000,0.000000,2.000000,673.333313,233.333328,,,,0.025000,
MP_T_Yoga_1,efficientpose,35,1.160774,ok,1,direct,0.266440,2,right_eye,0,0,0.000000,0.000000,0.000000,2.000000,660.000000,220.000000,,,,0.025000,
MP_T_Yoga_1,efficientpose,35,1.160774,ok,1,direct,0.266440,3,left_ear,0,0,0.000000,0.000000,0.000000,2.000000,700.000000,246.666672,,,,0.035000,
MP_T_Yoga_1,efficientpose,35,1.160774,ok,1,direct,0.266440,4,right_ear,0,0,0.000000,0.000000,0.000000,2.000000,660.000000,233.333328,,,,0.035000,
MP_T_Yoga_1,efficientpose,35,1.160774,ok,1,direct,0.266440,5,left_shoulder,1,1,2.000000,722.670000,301.900000,2.000000,713.333313,300.000000,9.528049,76.708772,1,0.079000,0.951761
MP_T_Yoga_1,efficientpose,35,1.160774,ok,1,direct,0.266440,6,right_shoulder,1,1,2.000000,623.220000,303.900000,2.000000,620.000000,286.666656,17.531587,76.708772,1,0.079000,0.845870
MP_T_Yoga_1,efficientpose,35,1.160774,ok,1,direct,0.266440,7,left_elbow,1,1,2.000000,781.300000,339.850000,2.000000,806.666687,313.333344,36.696074,76.708772,1,0.072000,0.413580
MP_T_Yoga_1,efficientpose,35,1.160774,ok,1,direct,0.266440,8,right_elbow,1,1,2.000000,575.140000,351.730000,2.000000,540.000000,313.333344,52.049235,76.708772,1,0.072000,0.169272
MP_T_Yoga_1,efficientpose,35,1.160774,ok,1,direct,0.266440,9,left_wrist,1,1,2.000000,849.840000,366.150000,2.000000,846.666687,366.666656,3.215097,76.708772,1,0.062000,0.990902
MP_T_Yoga_1,efficientpose,35,1.160774,ok,1,direct,0.266440,10,right_wrist,1,1,2.000000,507.940000,388.740000,2.000000,513.333313,366.666656,22.722683,76.708772,1,0.062000,0.633474
MP_T_Yoga_1,efficientpose,35,1.160774,ok,1,direct,0.266440,11,left_hip,1,1,2.000000,699.440000,441.980000,2.000000,486.666656,353.333344,230.501031,76.708772,0,0.107000,0.000000
MP_T_Yoga_1,efficientpose,35,1.160774,ok,1,direct,0.266440,12,right_hip,1,1,2.000000,647.940000,441.020000,2.000000,486.666656,366.666656,177.588037,76.708772,0,0.107000,0.000086
MP_T_Yoga_1,efficientpose,35,1.160774,ok,1,direct,0.266440,13,left_knee,1,1,2.000000,703.280000,568.930000,2.000000,566.666687,473.333344,166.739072,76.708772,0,0.087000,0.000004
MP_T_Yoga_1,efficientpose,35,1.160774,ok,1,direct,0.266440,14,right_knee,1,1,2.000000,611.210000,538.440000,2.000000,553.333313,486.666656,77.654298,76.708772,0,0.087000,0.066677
MP_T_Yoga_1,efficientpose,35,1.160774,ok,1,direct,0.266440,15,left_ankle,1,1,2.000000,685.630000,670.100000,2.000000,486.666656,380.000000,351.773254,76.708772,0,0.089000,0.000000
MP_T_Yoga_1,efficientpose,35,1.160774,ok,1,direct,0.266440,16,right_ankle,1,1,2.000000,644.080000,651.120000,2.000000,566.666687,620.000000,83.434258,76.708772,0,0.089000,0.050434
MP_T_Yoga_1,efficientpose,36,1.193939,ok,1,direct,0.214281,0,nose,1,1,2.000000,673.440000,240.150000,2.000000,646.666687,246.666672,27.554987,77.554837,1,0.026000,0.023878
MP_T_Yoga_1,efficientpose,36,1.193939,ok,1,direct,0.214281,1,left_eye,0,0,0.000000,0.000000,0.000000,2.000000,660.000000,233.333328,,,,0.025000,
MP_T_Yoga_1,efficientpose,36,1.193939,ok,1,direct,0.214281,2,right_eye,0,0,0.000000,0.000000,0.000000,2.000000,660.000000,233.333328,,,,0.025000,
MP_T_Yoga_1,efficientpose,36,1.193939,ok,1,direct,0.214281,3,left_ear,0,0,0.000000,0.000000,0.000000,2.000000,686.666687,246.666672,,,,0.035000,
MP_T_Yoga_1,efficientpose,36,1.193939,ok,1,direct,0.214281,4,right_ear,0,0,0.000000,0.000000,0.000000,2.000000,646.666687,233.333328,,,,0.035000,
MP_T_Yoga_1,efficientpose,36,1.193939,ok,1,direct,0.214281,5,left_shoulder,1,1,2.000000,724.680000,301.900000,2.000000,686.666687,300.000000,38.060767,77.554837,1,0.079000,0.462174
MP_T_Yoga_1,efficientpose,36,1.193939,ok,1,direct,0.214281,6,right_shoulder,1,1,2.000000,623.730000,303.360000,2.000000,593.333313,286.666656,34.678903,77.554837,1,0.079000,0.526897
MP_T_Yoga_1,efficientpose,36,1.193939,ok,1,direct,0.214281,7,left_elbow,1,1,2.000000,784.840000,332.920000,2.000000,806.666687,300.000000,39.498489,77.554837,1,0.072000,0.367618
MP_T_Yoga_1,efficientpose,36,1.193939,ok,1,direct,0.214281,8,right_elbow,1,1,2.000000,573.600000,345.100000,2.000000,540.000000,313.333344,46.239382,77.554837,1,0.072000,0.253746
MP_T_Yoga_1,efficientpose,36,1.193939,ok,1,direct,0.214281,9,left_wrist,1,1,2.000000,855.080000,351.510000,2.000000,860.000000,340.000000,12.517448,77.554837,1,0.062000,0.873246
MP_T_Yoga_1,efficientpose,36,1.193939,ok,1,direct,0.214281,10,right_wrist,1,1,2.000000,505.320000,375.030000,2.000000,500.000000,366.666656,9.912009,77.554837,1,0.062000,0.918524
MP_T_Yoga_1,efficientpose,36,1.193939,ok,1,direct,0.214281,11,left_hip,1,1,2.000000,700.100000,440.720000,2.000000,486.666656,366.666656,225.915227,77.554837,0,0.107000,0.000000
MP_T_Yoga_1,efficientpose,36,1.193939,ok,1,direct,0.214281,12,right_hip,1,1,2.000000,649.020000,440.090000,2.000000,486.666656,366.666656,178.184162,77.554837,0,0.107000,0.000099
MP_T_Yoga_1,efficientpose,36,1.193939,ok,1,direct,0.214281,13,left_knee,1,1,2.000000,703.340000,568.180000,2.000000,540.000000,460.000000,195.915461,77.554837,0,0.087000,0.000000
MP_T_Yoga_1,efficientpose,36,1.193939,ok,1,direct,0.214281,14,right_knee,1,1,2.000000,607.980000,533.820000,2.000000,540.000000,473.333344,90.994044,77.554837,0,0.087000,0.026319
MP_T_Yoga_1,efficientpose,36,1.193939,ok,1,direct,0.214281,15,left_ankle,1,1,2.000000,685.620000,670.070000,2.000000,846.666687,340.000000,367.263176,77.554837,0,0.089000,0.000000
MP_T_Yoga_1,efficientpose,36,1.193939,ok,1,direct,0.214281,16,right_ankle,1,1,2.000000,643.610000,644.340000,2.000000,500.000000,393.333344,289.185362,77.554837,0,0.089000,0.000000
MP_T_Yoga_1,efficientpose,37,1.227104,ok,1,direct,0.414344,0,nose,1,1,2.000000,675.140000,240.460000,2.000000,673.333313,246.666672,6.464278,78.391320,1,0.026000,0.817764
MP_T_Yoga_1,efficientpose,37,1.227104,ok,1,direct,0.414344,1,left_eye,0,0,0.000000,0.000000,0.000000,2.000000,673.333313,233.333328,,,,0.025000,
MP_T_Yoga_1,efficientpose,37,1.227104,ok,1,direct,0.414344,2,right_eye,0,0,0.000000,0.000000,0.000000,2.000000,660.000000,233.333328,,,,0.025000,
MP_T_Yoga_1,efficientpose,37,1.227104,ok,1,direct,0.414344,3,left_ear,0,0,0.000000,0.000000,0.000000,2.000000,700.000000,246.666672,,,,0.035000,
MP_T_Yoga_1,efficientpose,37,1.227104,ok,1,direct,0.414344,4,right_ear,0,0,0.000000,0.000000,0.000000,2.000000,660.000000,246.666672,,,,0.035000,
MP_T_Yoga_1,efficientpose,37,1.227104,ok,1,direct,0.414344,5,left_shoulder,1,1,2.000000,726.680000,301.900000,2.000000,700.000000,300.000000,26.747568,78.391320,1,0.079000,0.688606
MP_T_Yoga_1,efficientpose,37,1.227104,ok,1,direct,0.414344,6,right_shoulder,1,1,2.000000,624.250000,302.810000,2.000000,606.666687,286.666656,23.870074,78.391320,1,0.079000,0.742947
MP_T_Yoga_1,efficientpose,37,1.227104,ok,1,direct,0.414344,7,left_elbow,1,1,2.000000,788.390000,325.980000,2.000000,806.666687,300.000000,31.764724,78.391320,1,0.072000,0.530752
MP_T_Yoga_1,efficientpose,37,1.227104,ok,1,direct,0.414344,8,right_elbow,1,1,2.000000,572.060000,338.480000,2.000000,540.000000,313.333344,40.745527,78.391320,1,0.072000,0.352646
MP_T_Yoga_1,efficientpose,37,1.227104,ok,1,direct,0.414344,9,left_wrist,1,1,2.000000,860.320000,336.870000,2.000000,860.000000,326.666656,10.208360,78.391320,1,0.062000,0.915549
MP_T_Yoga_1,efficientpose,37,1.227104,ok,1,direct,0.414344,10,right_wrist,1,1,2.000000,502.700000,361.310000,2.000000,486.666656,353.333344,17.907963,78.391320,1,0.062000,0.762219
MP_T_Yoga_1,efficientpose,37,1.227104,ok,1,direct,0.414344,11,left_hip,1,1,2.000000,700.770000,439.450000,2.000000,660.000000,420.000000,45.171843,78.391320,1,0.107000,0.559873
MP_T_Yoga_1,efficientpose,37,1.227104,ok,1,direct,0.414344,12,right_hip,1,1,2.000000,650.100000,439.170000,2.000000,513.333313,380.000000,149.017501,78.391320,0,0.107000,0.001814
MP_T_Yoga_1,efficientpose,37,1.227104,ok,1,direct,0.414344,13,left_knee,1,1,2.000000,703.390000,567.430000,2.000000,606.666687,486.666656,126.008400,78.391320,0,0.087000,0.001084
MP_T_Yoga_1,efficientpose,37,1.227104,ok,1,direct,0.414344,14,right_knee,1,1,2.000000,604.740000,529.200000,2.000000,553.333313,500.000000,59.120956,78.391320,1,0.087000,0.222478
MP_T_Yoga_1,efficientpose,37,1.227104,ok,1,direct,0.414344,15,left_ankle,1,1,2.000000,685.600000,670.050000,2.000000,473.333344,380.000000,359.424729,78.391320,0,0.089000,0.000000
MP_T_Yoga_1,efficientpose,37,1.227104,ok,1,direct,0.414344,16,right_ankle,1,1,2.000000,643.150000,637.560000,2.000000,566.666687,620.000000,78.473249,78.391320,0,0.089000,0.079642
MP_T_Yoga_1,efficientpose,38,1.260268,ok,1,direct,0.580842,0,nose,1,1,2.000000,676.830000,240.760000,2.000000,673.333313,260.000000,19.555164,79.217661,1,0.026000,0.164827
MP_T_Yoga_1,efficientpose,38,1.260268,ok,1,direct,0.580842,1,left_eye,0,0,0.000000,0.000000,0.000000,2.000000,686.666687,246.666672,,,,0.025000,
MP_T_Yoga_1,efficientpose,38,1.260268,ok,1,direct,0.580842,2,right_eye,0,0,0.000000,0.000000,0.000000,2.000000,673.333313,246.666672,,,,0.025000,
MP_T_Yoga_1,efficientpose,38,1.260268,ok,1,direct,0.580842,3,left_ear,0,0,0.000000,0.000000,0.000000,2.000000,700.000000,260.000000,,,,0.035000,
MP_T_Yoga_1,efficientpose,38,1.260268,ok,1,direct,0.580842,4,right_ear,0,0,0.000000,0.000000,0.000000,2.000000,660.000000,246.666672,,,,0.035000,
MP_T_Yoga_1,efficientpose,38,1.260268,ok,1,direct,0.580842,5,left_shoulder,1,1,2.000000,728.680000,301.900000,2.000000,726.666687,286.666656,15.365812,79.217661,1,0.079000,0.886414
MP_T_Yoga_1,efficientpose,38,1.260268,ok,1,direct,0.580842,6,right_shoulder,1,1,2.000000,624.760000,302.270000,2.000000,620.000000,286.666656,16.313244,79.217661,1,0.079000,0.872932
MP_T_Yoga_1,efficientpose,38,1.260268,ok,1,direct,0.580842,7,left_elbow,1,1,2.000000,791.930000,319.050000,2.000000,806.666687,300.000000,24.084693,79.217661,1,0.072000,0.700040
MP_T_Yoga_1,efficientpose,38,1.260268,ok,1,direct,0.580842,8,right_elbow,1,1,2.000000,570.520000,331.850000,2.000000,553.333313,313.333344,25.263586,79.217661,1,0.072000,0.675445
MP_T_Yoga_1,efficientpose,38,1.260268,ok,1,direct,0.580842,9,left_wrist,1,1,2.000000,865.560000,322.220000,2.000000,873.333313,313.333344,11.806653,79.217661,1,0.062000,0.890856
MP_T_Yoga_1,efficientpose,38,1.260268,ok,1,direct,0.580842,10,right_wrist,1,1,2.000000,500.080000,347.590000,2.000000,500.000000,353.333344,5.743901,79.217661,1,0.062000,0.973017
MP_T_Yoga_1,efficientpose,38,1.260268,ok,1,direct,0.580842,11,left_hip,1,1,2.000000,701.440000,438.180000,2.000000,700.000000,433.333344,5.056054,79.217661,1,0.107000,0.992909
MP_T_Yoga_1,efficientpose,38,1.260268,ok,1,direct,0.580842,12,right_hip,1,1,2.000000,651.180000,438.240000,2.000000,633.333313,460.000000,28.142527,79.217661,1,0.107000,0.802144
MP_T_Yoga_1,efficientpose,38,1.260268,ok,1,direct,0.580842,13,left_knee,1,1,2.000000,703.450000,566.680000,2.000000,686.666687,500.000000,68.759741,79.217661,1,0.087000,0.136593
MP_T_Yoga_1,efficientpose,38,1.260268,ok,1,direct,0.580842,14,right_knee,1,1,2.000000,601.500000,524.570000,2.000000,580.000000,486.666656,43.576524,79.217661,1,0.087000,0.449525
MP_T_Yoga_1,efficientpose,38,1.260268,ok,1,direct,0.580842,15,left_ankle,1,1,2.000000,685.590000,670.020000,2.000000,686.666687,633.333313,36.702483,79.217661,1,0.089000,0.581586
MP_T_Yoga_1,efficientpose,38,1.260268,ok,1,direct,0.580842,16,right_ankle,1,1,2.000000,642.690000,630.780000,2.000000,566.666687,620.000000,76.783804,79.217661,1,0.089000,0.093278
MP_T_Yoga_1,efficientpose,39,1.293433,ok,1,direct,0.640135,0,nose,1,1,2.000000,678.530000,241.070000,2.000000,673.333313,246.666672,7.637296,80.033241,1,0.026000,0.763826
MP_T_Yoga_1,efficientpose,39,1.293433,ok,1,direct,0.640135,1,left_eye,0,0,0.000000,0.000000,0.000000,2.000000,686.666687,246.666672,,,,0.025000,
MP_T_Yoga_1,efficientpose,39,1.293433,ok,1,direct,0.640135,2,right_eye,0,0,0.000000,0.000000,0.000000,2.000000,673.333313,246.666672,,,,0.025000,
MP_T_Yoga_1,efficientpose,39,1.293433,ok,1,direct,0.640135,3,left_ear,0,0,0.000000,0.000000,0.000000,2.000000,700.000000,260.000000,,,,0.035000,
MP_T_Yoga_1,efficientpose,39,1.293433,ok,1,direct,0.640135,4,right_ear,0,0,0.000000,0.000000,0.000000,2.000000,660.000000,246.666672,,,,0.035000,
MP_T_Yoga_1,efficientpose,39,1.293433,ok,1,direct,0.640135,5,left_shoulder,1,1,2.000000,730.690000,301.900000,2.000000,726.666687,286.666656,15.755691,80.033241,1,0.079000,0.883206
MP_T_Yoga_1,efficientpose,39,1.293433,ok,1,direct,0.640135,6,right_shoulder,1,1,2.000000,625.280000,301.720000,2.000000,620.000000,286.666656,15.952478,80.033241,1,0.079000,0.880453
MP_T_Yoga_1,efficientpose,39,1.293433,ok,1,direct,0.640135,7,left_elbow,1,1,2.000000,795.480000,312.110000,2.000000,820.000000,300.000000,27.347440,80.033241,1,0.072000,0.637334
MP_T_Yoga_1,efficientpose,39,1.293433,ok,1,direct,0.640135,8,right_elbow,1,1,2.000000,568.970000,325.220000,2.000000,540.000000,300.000000,38.409755,80.033241,1,0.072000,0.411230
MP_T_Yoga_1,efficientpose,39,1.293433,ok,1,direct,0.640135,9,left_wrist,1,1,2.000000,870.800000,307.580000,2.000000,873.333313,300.000000,7.992126,80.033241,1,0.062000,0.949439
MP_T_Yoga_1,efficientpose,39,1.293433,ok,1,direct,0.640135,10,right_wrist,1,1,2.000000,497.460000,333.880000,2.000000,486.666656,340.000000,12.407686,80.033241,1,0.062000,0.882452
MP_T_Yoga_1,efficientpose,39,1.293433,ok,1,direct,0.640135,11,left_hip,1,1,2.000000,702.100000,436.920000,2.000000,713.333313,446.666656,14.872277,80.033241,1,0.107000,0.941461
MP_T_Yoga_1,efficientpose,39,1.293433,ok,1,direct,0.640135,12,right_hip,1,1,2.000000,652.250000,437.320000,2.000000,646.666687,460.000000,23.357136,80.033241,1,0.107000,0.861754
MP_T_Yoga_1,efficientpose,39,1.293433,ok,1,direct,0.640135,13,left_knee,1,1,2.000000,703.510000,565.930000,2.000000,713.333313,513.333313,53.506158,80.033241,1,0.087000,0.306965
MP_T_Yoga_1,efficientpose,39,1.293433,ok,1,direct,0.640135,14,right_knee,1,1,2.000000,598.270000,519.950000,2.000000,593.333313,486.666656,33.647464,80.033241,1,0.087000,0.626854
MP_T_Yoga_1,efficientpose,39,1.293433,ok,1,direct,0.640135,15,left_ankle,1,1,2.000000,685.580000,669.990000,2.000000,700.000000,633.333313,39.390977,80.033241,1,0.089000,0.542455
MP_T_Yoga_1,efficientpose,39,1.293433,ok,1,direct,0.640135,16,right_ankle,1,1,2.000000,642.230000,624.000000,2.000000,593.333313,620.000000,49.060024,80.033241,1,0.089000,0.387214
MP_T_Yoga_1,efficientpose,40,1.326598,ok,1,direct,0.580953,0,nose,1,1,2.000000,680.220000,241.380000,2.000000,673.333313,246.666672,8.681898,80.839272,1,0.026000,0.710884
MP_T_Yoga_1,efficientpose,40,1.326598,ok,1,direct,0.580953,1,left_eye,0,0,0.000000,0.000000,0.000000,2.000000,686.666687,233.333328,,,,0.025000,
MP_T_Yoga_1,efficientpose,40,1.326598,ok,1,direct,0.580953,2,right_eye,0,0,0.000000,0.000000,0.000000,2.000000,673.333313,246.666672,,,,0.025000,
MP_T_Yoga_1,efficientpose,40,1.326598,ok,1,direct,0.580953,3,left_ear,0,0,0.000000,0.000000,0.000000,2.000000,713.333313,260.000000,,,,0.035000,
MP_T_Yoga_1,efficientpose,40,1.326598,ok,1,direct,0.580953,4,right_ear,0,0,0.000000,0.000000,0.000000,2.000000,660.000000,246.666672,,,,0.035000,
MP_T_Yoga_1,efficientpose,40,1.326598,ok,1,direct,0.580953,5,left_shoulder,1,1,2.000000,732.690000,301.900000,2.000000,740.000000,286.666656,16.896475,80.839272,1,0.079000,0.869360
MP_T_Yoga_1,efficientpose,40,1.326598,ok,1,direct,0.580953,6,right_shoulder,1,1,2.000000,625.800000,301.180000,2.000000,633.333313,300.000000,7.625169,80.839272,1,0.079000,0.971890
MP_T_Yoga_1,efficientpose,40,1.326598,ok,1,direct,0.580953,7,left_elbow,1,1,2.000000,799.020000,305.180000,2.000000,806.666687,286.666656,20.030370,80.839272,1,0.072000,0.789099
MP_T_Yoga_1,efficientpose,40,1.326598,ok,1,direct,0.580953,8,right_elbow,1,1,2.000000,567.430000,318.590000,2.000000,540.000000,300.000000,33.135977,80.839272,1,0.072000,0.522978
MP_T_Yoga_1,efficientpose,40,1.326598,ok,1,direct,0.580953,9,left_wrist,1,1,2.000000,876.040000,292.940000,2.000000,873.333313,286.666656,6.832349,80.839272,1,0.062000,0.963517
MP_T_Yoga_1,efficientpose,40,1.326598,ok,1,direct,0.580953,10,right_wrist,1,1,2.000000,494.840000,320.160000,2.000000,486.666656,313.333344,10.649262,80.839272,1,0.062000,0.913666
MP_T_Yoga_1,efficientpose,40,1.326598,ok,1,direct,0.580953,11,left_hip,1,1,2.000000,702.770000,435.650000,2.000000,726.666687,446.666656,26.313844,80.839272,1,0.107000,0.831028
MP_T_Yoga_1,efficientpose,40,1.326598,ok,1,direct,0.580953,12,right_hip,1,1,2.000000,653.330000,436.390000,2.000000,673.333313,446.666656,22.488713,80.839272,1,0.107000,0.873549
MP_T_Yoga_1,efficientpose,40,1.326598,ok,1,direct,0.580953,13,left_knee,1,1,2.000000,703.560000,565.180000,2.000000,700.000000,540.000000,25.430415,80.839272,1,0.087000,0.769904
MP_T_Yoga_1,efficientpose,40,1.326598,ok,1,direct,0.580953,14,right_knee,1,1,2.000000,595.030000,515.330000,2.000000,593.333313,500.000000,15.423607,80.839272,1,0.087000,0.908294
MP_T_Yoga_1,efficientpose,40,1.326598,ok,1,direct,0.580953,15,left_ankle,1,1,2.000000,685.570000,669.960000,2.000000,700.000000,633.333313,39.366726,80.839272,1,0.089000,0.549484
MP_T_Yoga_1,efficientpose,40,1.326598,ok,1,direct,0.580953,16,right_ankle,1,1,2.000000,641.770000,617.220000,2.000000,620.000000,646.666687,36.620217,80.839272,1,0.089000,0.595627
MP_T_Yoga_1,efficientpose,41,1.359763,ok,1,direct,0.488905,0,nose,1,1,2.000000,680.760000,241.460000,2.000000,673.333313,246.666672,9.070012,80.561162,1,0.026000,0.687280
MP_T_Yoga_1,efficientpose,41,1.359763,ok,1,direct,0.488905,1,left_eye,0,0,0.000000,0.000000,0.000000,2.000000,673.333313,233.333328,,,,0.025000,
MP_T_Yoga_1,efficientpose,41,1.359763,ok,1,direct,0.488905,2,right_eye,0,0,0.000000,0.000000,0.000000,2.000000,660.000000,246.666672,,,,0.025000,
MP_T_Yoga_1,efficientpose,41,1.359763,ok,1,direct,0.488905,3,left_ear,0,0,0.000000,0.000000,0.000000,2.000000,700.000000,260.000000,,,,0.035000,
MP_T_Yoga_1,efficientpose,41,1.359763,ok,1,direct,0.488905,4,right_ear,0,0,0.000000,0.000000,0.000000,2.000000,646.666687,246.666672,,,,0.035000,
MP_T_Yoga_1,efficientpose,41,1.359763,ok,1,direct,0.488905,5,left_shoulder,1,1,2.000000,732.690000,300.960000,2.000000,713.333313,286.666656,24.062024,80.561162,1,0.079000,0.751350
MP_T_Yoga_1,efficientpose,41,1.359763,ok,1,direct,0.488905,6,right_shoulder,1,1,2.000000,626.310000,300.630000,2.000000,620.000000,300.000000,6.341372,80.561162,1,0.079000,0.980340
MP_T_Yoga_1,efficientpose,41,1.359763,ok,1,direct,0.488905,7,left_elbow,1,1,2.000000,799.290000,297.980000,2.000000,793.333313,286.666656,12.785690,80.561162,1,0.072000,0.907396
MP_T_Yoga_1,efficientpose,41,1.359763,ok,1,direct,0.488905,8,right_elbow,1,1,2.000000,567.570000,312.730000,2.000000,526.666687,286.666656,48.501329,80.561162,1,0.072000,0.247000
MP_T_Yoga_1,efficientpose,41,1.359763,ok,1,direct,0.488905,9,left_wrist,1,1,2.000000,874.170000,280.020000,2.000000,873.333313,260.000000,20.037476,80.561162,1,0.062000,0.724792
MP_T_Yoga_1,efficientpose,41,1.359763,ok,1,direct,0.488905,10,right_wrist,1,1,2.000000,495.500000,308.040000,2.000000,473.333344,313.333344,22.789913,80.561162,1,0.062000,0.659436
MP_T_Yoga_1,efficientpose,41,1.359763,ok,1,direct,0.488905,11,left_hip,1,1,2.000000,703.430000,434.390000,2.000000,726.666687,420.000000,27.331588,80.561162,1,0.107000,0.817858
MP_T_Yoga_1,efficientpose,41,1.359763,ok,1,direct,0.488905,12,right_hip,1,1,2.000000,654.800000,434.530000,2.000000,673.333313,420.000000,23.550044,80.561162,1,0.107000,0.861330
MP_T_Yoga_1,efficientpose,41,1.359763,ok,1,direct,0.488905,13,left_knee,1,1,2.000000,703.620000,564.430000,2.000000,713.333313,500.000000,65.158064,80.561162,1,0.087000,0.177546
MP_T_Yoga_1,efficientpose,41,1.359763,ok,1,direct,0.488905,14,right_knee,1,1,2.000000,593.230000,511.210000,2.000000,606.666687,500.000000,17.498819,80.561162,1,0.087000,0.882789
MP_T_Yoga_1,efficientpose,41,1.359763,ok,1,direct,0.488905,15,left_ankle,1,1,2.000000,685.560000,669.940000,2.000000,860.000000,273.333344,433.273763,80.561162,0,0.089000,0.000000
MP_T_Yoga_1,efficientpose,41,1.359763,ok,1,direct,0.488905,16,right_ankle,1,1,2.000000,644.090000,608.700000,2.000000,633.333313,646.666687,39.461065,80.561162,1,0.089000,0.545633
MP_T_Yoga_1,efficientpose,42,1.392928,ok,1,direct,0.411741,0,nose,1,1,2.000000,681.300000,241.550000,2.000000,660.000000,246.666672,21.905943,80.280341,1,0.026000,0.110486
MP_T_Yoga_1,efficientpose,42,1.392928,ok,1,direct,0.411741,1,left_eye,0,0,0.000000,0.000000,0.000000,2.000000,673.333313,233.333328,,,,0.025000,
MP_T_Yoga_1,efficientpose,42,1.392928,ok,1,direct,0.411741,2,right_eye,0,0,0.000000,0.000000,0.000000,2.000000,646.666687,246.666672,,,,0.025000,
MP_T_Yoga_1,efficientpose,42,1.392928,ok,1,direct,0.411741,3,left_ear,0,0,0.000000,0.000000,0.000000,2.000000,700.000000,260.000000,,,,0.035000,
MP_T_Yoga_1,efficientpose,42,1.392928,ok,1,direct,0.411741,4,right_ear,0,0,0.000000,0.000000,0.000000,2.000000,633.333313,246.666672,,,,0.035000,
MP_T_Yoga_1,efficientpose,42,1.392928,ok,1,direct,0.411741,5,left_shoulder,1,1,2.000000,732.690000,300.010000,2.000000,686.666687,300.000000,46.023314,80.280341,1,0.079000,0.348818
MP_T_Yoga_1,efficientpose,42,1.392928,ok,1,direct,0.411741,6,right_shoulder,1,1,2.000000,626.830000,300.090000,2.000000,593.333313,286.666656,36.086205,80.280341,1,0.079000,0.523352
MP_T_Yoga_1,efficientpose,42,1.392928,ok,1,direct,0.411741,7,left_elbow,1,1,2.000000,799.550000,290.790000,2.000000,780.000000,273.333344,26.209490,80.280341,1,0.072000,0.662848
MP_T_Yoga_1,efficientpose,42,1.392928,ok,1,direct,0.411741,8,right_elbow,1,1,2.000000,567.700000,306.870000,2.000000,513.333313,300.000000,54.799029,80.280341,1,0.072000,0.165697
MP_T_Yoga_1,efficientpose,42,1.392928,ok,1,direct,0.411741,9,left_wrist,1,1,2.000000,872.310000,267.100000,2.000000,860.000000,260.000000,14.210774,80.280341,1,0.062000,0.849567
MP_T_Yoga_1,efficientpose,42,1.392928,ok,1,direct,0.411741,10,right_wrist,1,1,2.000000,496.170000,295.920000,2.000000,460.000000,340.000000,57.020306,80.280341,1,0.062000,0.072458
MP_T_Yoga_1,efficientpose,42,1.392928,ok,1,direct,0.411741,11,left_hip,1,1,2.000000,704.100000,433.120000,2.000000,700.000000,420.000000,13.745705,80.280341,1,0.107000,0.950077
MP_T_Yoga_1,efficientpose,42,1.392928,ok,1,direct,0.411741,12,right_hip,1,1,2.000000,656.260000,432.660000,2.000000,673.333313,446.666656,22.083579,80.280341,1,0.107000,0.876179
MP_T_Yoga_1,efficientpose,42,1.392928,ok,1,direct,0.411741,13,left_knee,1,1,2.000000,703.680000,563.690000,2.000000,553.333313,486.666656,168.928156,80.280341,0,0.087000,0.000008
MP_T_Yoga_1,efficientpose,42,1.392928,ok,1,direct,0.411741,14,right_knee,1,1,2.000000,591.430000,507.100000,2.000000,580.000000,486.666656,23.412954,80.280341,1,0.087000,0.798722
MP_T_Yoga_1,efficientpose,42,1.392928,ok,1,direct,0.411741,15,left_ankle,1,1,2.000000,685.550000,669.910000,2.000000,860.000000,273.333344,433.250328,80.280341,0,0.089000,0.000000
MP_T_Yoga_1,efficientpose,42,1.392928,ok,1,direct,0.411741,16,right_ankle,1,1,2.000000,646.410000,600.190000,2.000000,860.000000,260.000000,401.683861,80.280341,0,0.089000,0.000000
MP_T_Yoga_1,efficientpose,43,1.426093,ok,1,direct,0.318383,0,nose,1,1,2.000000,681.840000,241.630000,2.000000,633.333313,246.666672,48.767476,79.998550,1,0.026000,0.000017
MP_T_Yoga_1,efficientpose,43,1.426093,ok,1,direct,0.318383,1,left_eye,0,0,0.000000,0.000000,0.000000,2.000000,660.000000,246.666672,,,,0.025000,
MP_T_Yoga_1,efficientpose,43,1.426093,ok,1,direct,0.318383,2,right_eye,0,0,0.000000,0.000000,0.000000,2.000000,633.333313,246.666672,,,,0.025000,
MP_T_Yoga_1,efficientpose,43,1.426093,ok,1,direct,0.318383,3,left_ear,0,0,0.000000,0.000000,0.000000,2.000000,686.666687,260.000000,,,,0.035000,
MP_T_Yoga_1,efficientpose,43,1.426093,ok,1,direct,0.318383,4,right_ear,0,0,0.000000,0.000000,0.000000,2.000000,620.000000,246.666672,,,,0.035000,
MP_T_Yoga_1,efficientpose,43,1.426093,ok,1,direct,0.318383,5,left_shoulder,1,1,2.000000,732.690000,299.070000,2.000000,686.666687,300.000000,46.032708,79.998550,1,0.079000,0.346085
MP_T_Yoga_1,efficientpose,43,1.426093,ok,1,direct,0.318383,6,right_shoulder,1,1,2.000000,627.340000,299.540000,2.000000,553.333313,286.666656,75.117992,79.998550,1,0.079000,0.059277
MP_T_Yoga_1,efficientpose,43,1.426093,ok,1,direct,0.318383,7,left_elbow,1,1,2.000000,799.820000,283.600000,2.000000,780.000000,273.333344,22.321215,79.998550,1,0.072000,0.740554
MP_T_Yoga_1,efficientpose,43,1.426093,ok,1,direct,0.318383,8,right_elbow,1,1,2.000000,567.830000,301.010000,2.000000,513.333313,286.666656,56.352643,79.998550,1,0.072000,0.147432
MP_T_Yoga_1,efficientpose,43,1.426093,ok,1,direct,0.318383,9,left_wrist,1,1,2.000000,870.440000,254.180000,2.000000,860.000000,246.666672,12.862492,79.998550,1,0.062000,0.874150
MP_T_Yoga_1,efficientpose,43,1.426093,ok,1,direct,0.318383,10,right_wrist,1,1,2.000000,496.840000,283.790000,2.000000,473.333344,273.333344,25.727506,79.998550,1,0.062000,0.583846
MP_T_Yoga_1,efficientpose,43,1.426093,ok,1,direct,0.318383,11,left_hip,1,1,2.000000,704.770000,431.860000,2.000000,700.000000,420.000000,12.783290,79.998550,1,0.107000,0.956375
MP_T_Yoga_1,efficientpose,43,1.426093,ok,1,direct,0.318383,12,right_hip,1,1,2.000000,657.730000,430.800000,2.000000,660.000000,433.333344,3.401577,79.998550,1,0.107000,0.996847
MP_T_Yoga_1,efficientpose,43,1.426093,ok,1,direct,0.318383,13,left_knee,1,1,2.000000,703.730000,562.940000,2.000000,726.666687,486.666656,79.647439,79.998550,1,0.087000,0.072860
MP_T_Yoga_1,efficientpose,43,1.426093,ok,1,direct,0.318383,14,right_knee,1,1,2.000000,589.630000,502.990000,2.000000,593.333313,486.666656,16.738162,79.998550,1,0.087000,0.890764
MP_T_Yoga_1,efficientpose,43,1.426093,ok,1,direct,0.318383,15,left_ankle,1,1,2.000000,685.540000,669.880000,2.000000,860.000000,260.000000,445.463698,79.998550,0,0.089000,0.000000
MP_T_Yoga_1,efficientpose,43,1.426093,ok,1,direct,0.318383,16,right_ankle,1,1,2.000000,648.730000,591.680000,2.000000,860.000000,246.666672,404.560514,79.998550,0,0.089000,0.000000
MP_T_Yoga_1,efficientpose,44,1.459258,ok,1,direct,0.380693,0,nose,1,1,2.000000,682.380000,241.710000,2.000000,646.666687,260.000000,40.124367,79.759934,1,0.026000,0.000560
MP_T_Yoga_1,efficientpose,44,1.459258,ok,1,direct,0.380693,1,left_eye,0,0,0.000000,0.000000,0.000000,2.000000,660.000000,246.666672,,,,0.025000,
MP_T_Yoga_1,efficientpose,44,1.459258,ok,1,direct,0.380693,2,right_eye,0,0,0.000000,0.000000,0.000000,2.000000,633.333313,246.666672,,,,0.025000,
MP_T_Yoga_1,efficientpose,44,1.459258,ok,1,direct,0.380693,3,left_ear,0,0,0.000000,0.000000,0.000000,2.000000,686.666687,260.000000,,,,0.035000,
MP_T_Yoga_1,efficientpose,44,1.459258,ok,1,direct,0.380693,4,right_ear,0,0,0.000000,0.000000,0.000000,2.000000,633.333313,246.666672,,,,0.035000,
MP_T_Yoga_1,efficientpose,44,1.459258,ok,1,direct,0.380693,5,left_shoulder,1,1,2.000000,732.690000,298.120000,2.000000,686.666687,300.000000,46.061695,79.759934,1,0.079000,0.343429
MP_T_Yoga_1,efficientpose,44,1.459258,ok,1,direct,0.380693,6,right_shoulder,1,1,2.000000,627.860000,299.000000,2.000000,580.000000,300.000000,47.870446,79.759934,1,0.079000,0.315259
MP_T_Yoga_1,efficientpose,44,1.459258,ok,1,direct,0.380693,7,left_elbow,1,1,2.000000,800.090000,276.400000,2.000000,780.000000,273.333344,20.322709,79.759934,1,0.072000,0.778434
MP_T_Yoga_1,efficientpose,44,1.459258,ok,1,direct,0.380693,8,right_elbow,1,1,2.000000,567.970000,295.150000,2.000000,526.666687,286.666656,42.165516,79.759934,1,0.072000,0.340198
MP_T_Yoga_1,efficientpose,44,1.459258,ok,1,direct,0.380693,9,left_wrist,1,1,2.000000,868.580000,241.260000,2.000000,860.000000,233.333328,11.681118,79.759934,1,0.062000,0.894406
MP_T_Yoga_1,efficientpose,44,1.459258,ok,1,direct,0.380693,10,right_wrist,1,1,2.000000,497.500000,271.670000,2.000000,500.000000,260.000000,11.934777,79.759934,1,0.062000,0.890035
MP_T_Yoga_1,efficientpose,44,1.459258,ok,1,direct,0.380693,11,left_hip,1,1,2.000000,705.430000,430.590000,2.000000,700.000000,406.666656,24.531842,79.759934,1,0.107000,0.847678
MP_T_Yoga_1,efficientpose,44,1.459258,ok,1,direct,0.380693,12,right_hip,1,1,2.000000,659.190000,428.930000,2.000000,673.333313,420.000000,16.726572,79.759934,1,0.107000,0.926051
MP_T_Yoga_1,efficientpose,44,1.459258,ok,1,direct,0.380693,13,left_knee,1,1,2.000000,703.790000,562.190000,2.000000,713.333313,500.000000,62.917970,79.759934,1,0.087000,0.193155
MP_T_Yoga_1,efficientpose,44,1.459258,ok,1,direct,0.380693,14,right_knee,1,1,2.000000,587.840000,498.880000,2.000000,673.333313,486.666656,86.361290,79.759934,0,0.087000,0.045146
MP_T_Yoga_1,efficientpose,44,1.459258,ok,1,direct,0.380693,15,left_ankle,1,1,2.000000,685.530000,669.850000,2.000000,860.000000,260.000000,445.440011,79.759934,0,0.089000,0.000000
MP_T_Yoga_1,efficientpose,44,1.459258,ok,1,direct,0.380693,16,right_ankle,1,1,2.000000,651.050000,583.160000,2.000000,660.000000,660.000000,77.359473,79.759934,1,0.089000,0.092992
MP_T_Yoga_1,efficientpose,45,1.492423,ok,1,direct,0.239141,0,nose,1,1,2.000000,682.920000,241.800000,2.000000,606.666687,273.333344,82.516177,80.672930,0,0.026000,0.000000
MP_T_Yoga_1,efficientpose,45,1.492423,ok,1,direct,0.239141,1,left_eye,0,0,0.000000,0.000000,0.000000,2.000000,633.333313,246.666672,,,,0.025000,
MP_T_Yoga_1,efficientpose,45,1.492423,ok,1,direct,0.239141,2,right_eye,0,0,0.000000,0.000000,0.000000,2.000000,606.666687,260.000000,,,,0.025000,
MP_T_Yoga_1,efficientpose,45,1.492423,ok,1,direct,0.239141,3,left_ear,0,0,0.000000,0.000000,0.000000,2.000000,686.666687,260.000000,,,,0.035000,
MP_T_Yoga_1,efficientpose,45,1.492423,ok,1,direct,0.239141,4,right_ear,0,0,0.000000,0.000000,0.000000,2.000000,606.666687,260.000000,,,,0.035000,
MP_T_Yoga_1,efficientpose,45,1.492423,ok,1,direct,0.239141,5,left_shoulder,1,1,2.000000,732.690000,297.170000,2.000000,700.000000,300.000000,32.812269,80.672930,1,0.079000,0.588521
MP_T_Yoga_1,efficientpose,45,1.492423,ok,1,direct,0.239141,6,right_shoulder,1,1,2.000000,628.380000,298.450000,2.000000,513.333313,313.333344,116.005406,80.672930,0,0.079000,0.001325
MP_T_Yoga_1,efficientpose,45,1.492423,ok,1,direct,0.239141,7,left_elbow,1,1,2.000000,800.350000,269.210000,2.000000,780.000000,260.000000,22.337113,80.672930,1,0.072000,0.743954
MP_T_Yoga_1,efficientpose,45,1.492423,ok,1,direct,0.239141,8,right_elbow,1,1,2.000000,568.100000,289.290000,2.000000,526.666687,286.666656,41.516278,80.672930,1,0.072000,0.359963
MP_T_Yoga_1,efficientpose,45,1.492423,ok,1,direct,0.239141,9,left_wrist,1,1,2.000000,866.710000,228.340000,2.000000,873.333313,206.666672,22.662776,80.672930,1,0.062000,0.663253
MP_T_Yoga_1,efficientpose,45,1.492423,ok,1,direct,0.239141,10,right_wrist,1,1,2.000000,498.170000,259.550000,2.000000,633.333313,273.333344,135.864277,80.672930,0,0.062000,0.000000
MP_T_Yoga_1,efficientpose,45,1.492423,ok,1,direct,0.239141,11,left_hip,1,1,2.000000,706.100000,429.330000,2.000000,686.666687,406.666656,29.854326,80.672930,1,0.107000,0.787231
MP_T_Yoga_1,efficientpose,45,1.492423,ok,1,direct,0.239141,12,right_hip,1,1,2.000000,660.660000,427.070000,2.000000,660.000000,433.333344,6.298021,80.672930,1,0.107000,0.989410
MP_T_Yoga_1,efficientpose,45,1.492423,ok,1,direct,0.239141,13,left_knee,1,1,2.000000,703.840000,561.440000,2.000000,540.000000,486.666656,180.096081,80.672930,0,0.087000,0.000002
MP_T_Yoga_1,efficientpose,45,1.492423,ok,1,direct,0.239141,14,right_knee,1,1,2.000000,586.040000,494.770000,2.000000,673.333313,500.000000,87.449845,80.672930,0,0.087000,0.044827
MP_T_Yoga_1,efficientpose,45,1.492423,ok,1,direct,0.239141,15,left_ankle,1,1,2.000000,685.520000,669.820000,2.000000,873.333313,233.333328,475.178340,80.672930,0,0.089000,0.000000
MP_T_Yoga_1,efficientpose,45,1.492423,ok,1,direct,0.239141,16,right_ankle,1,1,2.000000,653.370000,574.650000,2.000000,553.333313,606.666687,105.035265,80.672930,0,0.089000,0.013840
MP_T_Yoga_1,efficientpose,46,1.525588,ok,1,direct,0.218962,0,nose,1,1,2.000000,683.290000,241.770000,2.000000,633.333313,260.000000,53.178976,80.436951,1,0.026000,0.000002
MP_T_Yoga_1,efficientpose,46,1.525588,ok,1,direct,0.218962,1,left_eye,0,0,0.000000,0.000000,0.000000,2.000000,660.000000,233.333328,,,,0.025000,
MP_T_Yoga_1,efficientpose,46,1.525588,ok,1,direct,0.218962,2,right_eye,0,0,0.000000,0.000000,0.000000,2.000000,633.333313,246.666672,,,,0.025000,
MP_T_Yoga_1,efficientpose,46,1.525588,ok,1,direct,0.218962,3,left_ear,0,0,0.000000,0.000000,0.000000,2.000000,686.666687,246.666672,,,,0.035000,
MP_T_Yoga_1,efficientpose,46,1.525588,ok,1,direct,0.218962,4,right_ear,0,0,0.000000,0.000000,0.000000,2.000000,593.333313,273.333344,,,,0.035000,
MP_T_Yoga_1,efficientpose,46,1.525588,ok,1,direct,0.218962,5,left_shoulder,1,1,2.000000,732.690000,296.230000,2.000000,713.333313,300.000000,19.720401,80.436951,1,0.079000,0.824797
MP_T_Yoga_1,efficientpose,46,1.525588,ok,1,direct,0.218962,6,right_shoulder,1,1,2.000000,628.890000,297.910000,2.000000,513.333313,313.333344,116.581420,80.436951,0,0.079000,0.001193
MP_T_Yoga_1,efficientpose,46,1.525588,ok,1,direct,0.218962,7,left_elbow,1,1,2.000000,798.380000,264.650000,2.000000,766.666687,260.000000,32.052406,80.436951,1,0.072000,0.541941
MP_T_Yoga_1,efficientpose,46,1.525588,ok,1,direct,0.218962,8,right_elbow,1,1,2.000000,568.010000,283.270000,2.000000,513.333313,286.666656,54.782090,80.436951,1,0.072000,0.167044
MP_T_Yoga_1,efficientpose,46,1.525588,ok,1,direct,0.218962,9,left_wrist,1,1,2.000000,861.300000,220.000000,2.000000,860.000000,206.666672,13.396553,80.436951,1,0.062000,0.865612
MP_T_Yoga_1,efficientpose,46,1.525588,ok,1,direct,0.218962,10,right_wrist,1,1,2.000000,501.690000,249.920000,2.000000,593.333313,286.666656,98.736080,80.436951,0,0.062000,0.000394
MP_T_Yoga_1,efficientpose,46,1.525588,ok,1,direct,0.218962,11,left_hip,1,1,2.000000,706.000000,427.040000,2.000000,700.000000,420.000000,9.249951,80.436951,1,0.107000,0.977164
MP_T_Yoga_1,efficientpose,46,1.525588,ok,1,direct,0.218962,12,right_hip,1,1,2.000000,661.660000,425.280000,2.000000,460.000000,366.666656,210.005428,80.436951,0,0.107000,0.000007
MP_T_Yoga_1,efficientpose,46,1.525588,ok,1,direct,0.218962,13,left_knee,1,1,2.000000,703.730000,561.430000,2.000000,700.000000,486.666656,74.856332,80.436951,1,0.087000,0.101426
MP_T_Yoga_1,efficientpose,46,1.525588,ok,1,direct,0.218962,14,right_knee,1,1,2.000000,585.740000,492.680000,2.000000,673.333313,500.000000,87.898640,80.436951,0,0.087000,0.042624
MP_T_Yoga_1,efficientpose,46,1.525588,ok,1,direct,0.218962,15,left_ankle,1,1,2.000000,685.510000,669.800000,2.000000,873.333313,233.333328,475.163922,80.436951,0,0.089000,0.000000
MP_T_Yoga_1,efficientpose,46,1.525588,ok,1,direct,0.218962,16,right_ankle,1,1,2.000000,655.160000,568.980000,2.000000,553.333313,606.666687,108.576980,80.436951,0,0.089000,0.010046
MP_T_Yoga_1,efficientpose,47,1.558753,ok,1,direct,0.323900,0,nose,1,1,2.000000,683.670000,241.740000,2.000000,620.000000,273.333344,71.077481,80.160053,1,0.026000,0.000000
MP_T_Yoga_1,efficientpose,47,1.558753,ok,1,direct,0.323900,1,left_eye,0,0,0.000000,0.000000,0.000000,2.000000,633.333313,260.000000,,,,0.025000,
MP_T_Yoga_1,efficientpose,47,1.558753,ok,1,direct,0.323900,2,right_eye,0,0,0.000000,0.000000,0.000000,2.000000,606.666687,273.333344,,,,0.025000,
MP_T_Yoga_1,efficientpose,47,1.558753,ok,1,direct,0.323900,3,left_ear,0,0,0.000000,0.000000,0.000000,2.000000,620.000000,313.333344,,,,0.035000,
MP_T_Yoga_1,efficientpose,47,1.558753,ok,1,direct,0.323900,4,right_ear,0,0,0.000000,0.000000,0.000000,2.000000,606.666687,273.333344,,,,0.035000,
MP_T_Yoga_1,efficientpose,47,1.558753,ok,1,direct,0.323900,5,left_shoulder,1,1,2.000000,732.690000,295.280000,2.000000,686.666687,300.000000,46.264714,80.160053,1,0.079000,0.343874
MP_T_Yoga_1,efficientpose,47,1.558753,ok,1,direct,0.323900,6,right_shoulder,1,1,2.000000,629.410000,297.370000,2.000000,566.666687,313.333344,64.742194,80.160053,1,0.079000,0.123635
MP_T_Yoga_1,efficientpose,47,1.558753,ok,1,direct,0.323900,7,left_elbow,1,1,2.000000,796.400000,260.090000,2.000000,753.333313,260.000000,43.066781,80.160053,1,0.072000,0.328371
MP_T_Yoga_1,efficientpose,47,1.558753,ok,1,direct,0.323900,8,right_elbow,1,1,2.000000,567.930000,277.250000,2.000000,540.000000,273.333344,28.203282,80.160053,1,0.072000,0.620281
MP_T_Yoga_1,efficientpose,47,1.558753,ok,1,direct,0.323900,9,left_wrist,1,1,2.000000,855.880000,211.660000,2.000000,833.333313,206.666672,23.092995,80.160053,1,0.062000,0.649334
MP_T_Yoga_1,efficientpose,47,1.558753,ok,1,direct,0.323900,10,right_wrist,1,1,2.000000,505.220000,240.290000,2.000000,500.000000,220.000000,20.950716,80.160053,1,0.062000,0.700887
MP_T_Yoga_1,efficientpose,47,1.558753,ok,1,direct,0.323900,11,left_hip,1,1,2.000000,705.900000,424.750000,2.000000,700.000000,393.333344,31.965862,80.160053,1,0.107000,0.757455
MP_T_Yoga_1,efficientpose,47,1.558753,ok,1,direct,0.323900,12,right_hip,1,1,2.000000,662.650000,423.490000,2.000000,686.666687,420.000000,24.268938,80.160053,1,0.107000,0.852041
MP_T_Yoga_1,efficientpose,47,1.558753,ok,1,direct,0.323900,13,left_knee,1,1,2.000000,703.610000,561.430000,2.000000,713.333313,500.000000,62.194756,80.160053,1,0.087000,0.203787
MP_T_Yoga_1,efficientpose,47,1.558753,ok,1,direct,0.323900,14,right_knee,1,1,2.000000,585.440000,490.590000,2.000000,700.000000,500.000000,114.945821,80.160053,0,0.087000,0.004369
MP_T_Yoga_1,efficientpose,47,1.558753,ok,1,direct,0.323900,15,left_ankle,1,1,2.000000,685.490000,669.770000,2.000000,833.333313,233.333328,460.797801,80.160053,0,0.089000,0.000000
MP_T_Yoga_1,efficientpose,47,1.558753,ok,1,direct,0.323900,16,right_ankle,1,1,2.000000,656.960000,563.300000,2.000000,686.666687,646.666687,88.501366,80.160053,0,0.089000,0.046063
MP_T_Yoga_1,efficientpose,48,1.591918,ok,1,direct,0.321015,0,nose,1,1,2.000000,684.040000,241.720000,2.000000,620.000000,260.000000,66.597898,79.845800,1,0.026000,0.000000
MP_T_Yoga_1,efficientpose,48,1.591918,ok,1,direct,0.321015,1,left_eye,0,0,0.000000,0.000000,0.000000,2.000000,646.666687,246.666672,,,,0.025000,
MP_T_Yoga_1,efficientpose,48,1.591918,ok,1,direct,0.321015,2,right_eye,0,0,0.000000,0.000000,0.000000,2.000000,620.000000,260.000000,,,,0.025000,
MP_T_Yoga_1,efficientpose,48,1.591918,ok,1,direct,0.321015,3,left_ear,0,0,0.000000,0.000000,0.000000,2.000000,673.333313,260.000000,,,,0.035000,
MP_T_Yoga_1,efficientpose,48,1.591918,ok,1,direct,0.321015,4,right_ear,0,0,0.000000,0.000000,0.000000,2.000000,620.000000,246.666672,,,,0.035000,
MP_T_Yoga_1,efficientpose,48,1.591918,ok,1,direct,0.321015,5,left_shoulder,1,1,2.000000,732.690000,294.340000,2.000000,700.000000,286.666656,33.578510,79.845800,1,0.079000,0.567364
MP_T_Yoga_1,efficientpose,48,1.591918,ok,1,direct,0.321015,6,right_shoulder,1,1,2.000000,629.920000,296.820000,2.000000,566.666687,300.000000,63.333198,79.845800,1,0.079000,0.133160
MP_T_Yoga_1,efficientpose,48,1.591918,ok,1,direct,0.321015,7,left_elbow,1,1,2.000000,794.420000,255.540000,2.000000,753.333313,260.000000,41.328047,79.845800,1,0.072000,0.355726
MP_T_Yoga_1,efficientpose,48,1.591918,ok,1,direct,0.321015,8,right_elbow,1,1,2.000000,567.840000,271.230000,2.000000,540.000000,260.000000,30.019635,79.845800,1,0.072000,0.579642
MP_T_Yoga_1,efficientpose,48,1.591918,ok,1,direct,0.321015,9,left_wrist,1,1,2.000000,850.460000,203.310000,2.000000,833.333313,206.666672,17.452526,79.845800,1,0.062000,0.779911
MP_T_Yoga_1,efficientpose,48,1.591918,ok,1,direct,0.321015,10,right_wrist,1,1,2.000000,508.750000,230.660000,2.000000,513.333313,220.000000,11.603549,79.845800,1,0.062000,0.895940
MP_T_Yoga_1,efficientpose,48,1.591918,ok,1,direct,0.321015,11,left_hip,1,1,2.000000,705.800000,422.460000,2.000000,713.333313,406.666656,17.498014,79.845800,1,0.107000,0.919528
MP_T_Yoga_1,efficientpose,48,1.591918,ok,1,direct,0.321015,12,right_hip,1,1,2.000000,663.650000,421.700000,2.000000,700.000000,433.333344,38.166178,79.845800,1,0.107000,0.670903
MP_T_Yoga_1,efficientpose,48,1.591918,ok,1,direct,0.321015,13,left_knee,1,1,2.000000,703.500000,561.420000,2.000000,713.333313,500.000000,62.202174,79.845800,1,0.087000,0.201169
MP_T_Yoga_1,efficientpose,48,1.591918,ok,1,direct,0.321015,14,right_knee,1,1,2.000000,585.140000,488.500000,2.000000,686.666687,500.000000,102.175918,79.845800,0,0.087000,0.013207
MP_T_Yoga_1,efficientpose,48,1.591918,ok,1,direct,0.321015,15,left_ankle,1,1,2.000000,685.480000,669.740000,2.000000,806.666687,246.666672,440.087780,79.845800,0,0.089000,0.000000
MP_T_Yoga_1,efficientpose,48,1.591918,ok,1,direct,0.321015,16,right_ankle,1,1,2.000000,658.750000,557.630000,2.000000,686.666687,660.000000,106.108239,79.845800,0,0.089000,0.011573
MP_T_Yoga_1,efficientpose,49,1.625083,ok,1,direct,0.466138,0,nose,1,1,2.000000,684.420000,241.690000,2.000000,660.000000,246.666672,24.921951,79.493202,1,0.026000,0.054587
MP_T_Yoga_1,efficientpose,49,1.625083,ok,1,direct,0.466138,1,left_eye,0,0,0.000000,0.000000,0.000000,2.000000,673.333313,233.333328,,,,0.025000,
MP_T_Yoga_1,efficientpose,49,1.625083,ok,1,direct,0.466138,2,right_eye,0,0,0.000000,0.000000,0.000000,2.000000,646.666687,233.333328,,,,0.025000,
MP_T_Yoga_1,efficientpose,49,1.625083,ok,1,direct,0.466138,3,left_ear,0,0,0.000000,0.000000,0.000000,2.000000,700.000000,246.666672,,,,0.035000,
MP_T_Yoga_1,efficientpose,49,1.625083,ok,1,direct,0.466138,4,right_ear,0,0,0.000000,0.000000,0.000000,2.000000,646.666687,233.333328,,,,0.035000,
MP_T_Yoga_1,efficientpose,49,1.625083,ok,1,direct,0.466138,5,left_shoulder,1,1,2.000000,732.690000,293.390000,2.000000,713.333313,273.333344,27.873837,79.493202,1,0.079000,0.674346
MP_T_Yoga_1,efficientpose,49,1.625083,ok,1,direct,0.466138,6,right_shoulder,1,1,2.000000,630.440000,296.280000,2.000000,606.666687,286.666656,25.643455,79.493202,1,0.079000,0.716427
MP_T_Yoga_1,efficientpose,49,1.625083,ok,1,direct,0.466138,7,left_elbow,1,1,2.000000,792.440000,250.980000,2.000000,766.666687,260.000000,27.306118,79.493202,1,0.072000,0.634306
MP_T_Yoga_1,efficientpose,49,1.625083,ok,1,direct,0.466138,8,right_elbow,1,1,2.000000,567.750000,265.210000,2.000000,566.666687,260.000000,5.321435,79.493202,1,0.072000,0.982860
MP_T_Yoga_1,efficientpose,49,1.625083,ok,1,direct,0.466138,9,left_wrist,1,1,2.000000,845.040000,194.970000,2.000000,820.000000,193.333328,25.093431,79.493202,1,0.062000,0.595443
MP_T_Yoga_1,efficientpose,49,1.625083,ok,1,direct,0.466138,10,right_wrist,1,1,2.000000,512.270000,221.030000,2.000000,513.333313,233.333328,12.349191,79.493202,1,0.062000,0.882000
MP_T_Yoga_1,efficientpose,49,1.625083,ok,1,direct,0.466138,11,left_hip,1,1,2.000000,705.700000,420.170000,2.000000,726.666687,420.000000,20.967376,79.493202,1,0.107000,0.885563
MP_T_Yoga_1,efficientpose,49,1.625083,ok,1,direct,0.466138,12,right_hip,1,1,2.000000,664.640000,419.910000,2.000000,673.333313,420.000000,8.693779,79.493202,1,0.107000,0.979323
MP_T_Yoga_1,efficientpose,49,1.625083,ok,1,direct,0.466138,13,left_knee,1,1,2.000000,703.380000,561.410000,2.000000,726.666687,513.333313,53.419450,79.493202,1,0.087000,0.303235
MP_T_Yoga_1,efficientpose,49,1.625083,ok,1,direct,0.466138,14,right_knee,1,1,2.000000,584.840000,486.410000,2.000000,673.333313,486.666656,88.493685,79.493202,0,0.087000,0.037833
MP_T_Yoga_1,efficientpose,49,1.625083,ok,1,direct,0.466138,15,left_ankle,1,1,2.000000,685.470000,669.710000,2.000000,713.333313,660.000000,29.506750,79.493202,1,0.089000,0.706182
MP_T_Yoga_1,efficientpose,49,1.625083,ok,1,direct,0.466138,16,right_ankle,1,1,2.000000,660.540000,551.960000,2.000000,673.333313,646.666687,95.566864,79.493202,0,0.089000,0.026010
MP_T_Yoga_1,efficientpose,50,1.658248,ok,1,direct,0.503709,0,nose,1,1,2.000000,684.790000,241.660000,2.000000,646.666687,246.666672,38.450667,79.101072,1,0.026000,0.000920
MP_T_Yoga_1,efficientpose,50,1.658248,ok,1,direct,0.503709,1,left_eye,0,0,0.000000,0.000000,0.000000,2.000000,660.000000,233.333328,,,,0.025000,
MP_T_Yoga_1,efficientpose,50,1.658248,ok,1,direct,0.503709,2,right_eye,0,0,0.000000,0.000000,0.000000,2.000000,633.333313,233.333328,,,,0.025000,
MP_T_Yoga_1,efficientpose,50,1.658248,ok,1,direct,0.503709,3,left_ear,0,0,0.000000,0.000000,0.000000,2.000000,673.333313,246.666672,,,,0.035000,
MP_T_Yoga_1,efficientpose,50,1.658248,ok,1,direct,0.503709,4,right_ear,0,0,0.000000,0.000000,0.000000,2.000000,633.333313,246.666672,,,,0.035000,
MP_T_Yoga_1,efficientpose,50,1.658248,ok,1,direct,0.503709,5,left_shoulder,1,1,2.000000,732.690000,292.440000,2.000000,686.666687,286.666656,46.384015,79.101072,1,0.079000,0.332235
MP_T_Yoga_1,efficientpose,50,1.658248,ok,1,direct,0.503709,6,right_shoulder,1,1,2.000000,630.950000,295.730000,2.000000,593.333313,286.666656,38.693143,79.101072,1,0.079000,0.464500
MP_T_Yoga_1,efficientpose,50,1.658248,ok,1,direct,0.503709,7,left_elbow,1,1,2.000000,790.460000,246.420000,2.000000,753.333313,260.000000,39.532357,79.101072,1,0.072000,0.381509
MP_T_Yoga_1,efficientpose,50,1.658248,ok,1,direct,0.503709,8,right_elbow,1,1,2.000000,567.670000,259.190000,2.000000,566.666687,260.000000,1.289472,79.101072,1,0.072000,0.998975
MP_T_Yoga_1,efficientpose,50,1.658248,ok,1,direct,0.503709,9,left_wrist,1,1,2.000000,839.620000,186.630000,2.000000,820.000000,193.333328,20.733524,79.101072,1,0.062000,0.699450
MP_T_Yoga_1,efficientpose,50,1.658248,ok,1,direct,0.503709,10,right_wrist,1,1,2.000000,515.800000,211.390000,2.000000,513.333313,220.000000,8.956375,79.101072,1,0.062000,0.935473
MP_T_Yoga_1,efficientpose,50,1.658248,ok,1,direct,0.503709,11,left_hip,1,1,2.000000,705.600000,417.880000,2.000000,726.666687,406.666656,23.865129,79.101072,1,0.107000,0.852988
MP_T_Yoga_1,efficientpose,50,1.658248,ok,1,direct,0.503709,12,right_hip,1,1,2.000000,665.630000,418.110000,2.000000,686.666687,420.000000,21.121418,79.101072,1,0.107000,0.882894
MP_T_Yoga_1,efficientpose,50,1.658248,ok,1,direct,0.503709,13,left_knee,1,1,2.000000,703.270000,561.400000,2.000000,726.666687,526.666687,41.878491,79.101072,1,0.087000,0.476807
MP_T_Yoga_1,efficientpose,50,1.658248,ok,1,direct,0.503709,14,right_knee,1,1,2.000000,584.550000,484.320000,2.000000,686.666687,500.000000,103.313504,79.101072,0,0.087000,0.011025
MP_T_Yoga_1,efficientpose,50,1.658248,ok,1,direct,0.503709,15,left_ankle,1,1,2.000000,685.460000,669.690000,2.000000,713.333313,660.000000,29.509620,79.101072,1,0.089000,0.703696
MP_T_Yoga_1,efficientpose,50,1.658248,ok,1,direct,0.503709,16,right_ankle,1,1,2.000000,662.330000,546.290000,2.000000,660.000000,646.666687,100.403726,79.101072,0,0.089000,0.017111
MP_T_Yoga_1,efficientpose,51,1.691413,ok,1,direct,0.471234,0,nose,1,1,2.000000,685.000000,241.610000,2.000000,646.666687,246.666672,38.665396,78.183159,1,0.026000,0.000720
MP_T_Yoga_1,efficientpose,51,1.691413,ok,1,direct,0.471234,1,left_eye,0,0,0.000000,0.000000,0.000000,2.000000,660.000000,233.333328,,,,0.025000,
MP_T_Yoga_1,efficientpose,51,1.691413,ok,1,direct,0.471234,2,right_eye,0,0,0.000000,0.000000,0.000000,2.000000,646.666687,233.333328,,,,0.025000,
MP_T_Yoga_1,efficientpose,51,1.691413,ok,1,direct,0.471234,3,left_ear,0,0,0.000000,0.000000,0.000000,2.000000,673.333313,246.666672,,,,0.035000,
MP_T_Yoga_1,efficientpose,51,1.691413,ok,1,direct,0.471234,4,right_ear,0,0,0.000000,0.000000,0.000000,2.000000,633.333313,233.333328,,,,0.035000,
MP_T_Yoga_1,efficientpose,51,1.691413,ok,1,direct,0.471234,5,left_shoulder,1,1,2.000000,732.490000,290.950000,2.000000,713.333313,273.333344,26.025473,78.183159,1,0.079000,0.701106
MP_T_Yoga_1,efficientpose,51,1.691413,ok,1,direct,0.471234,6,right_shoulder,1,1,2.000000,631.750000,294.140000,2.000000,606.666687,273.333344,32.589715,78.183159,1,0.079000,0.573032
MP_T_Yoga_1,efficientpose,51,1.691413,ok,1,direct,0.471234,7,left_elbow,1,1,2.000000,788.080000,244.030000,2.000000,753.333313,246.666672,34.846582,78.183159,1,0.072000,0.464680
MP_T_Yoga_1,efficientpose,51,1.691413,ok,1,direct,0.471234,8,right_elbow,1,1,2.000000,570.950000,255.610000,2.000000,566.666687,246.666672,9.916143,78.183159,1,0.072000,0.939825
MP_T_Yoga_1,efficientpose,51,1.691413,ok,1,direct,0.471234,9,left_wrist,1,1,2.000000,835.050000,181.760000,2.000000,820.000000,193.333328,18.985374,78.183159,1,0.062000,0.735796
MP_T_Yoga_1,efficientpose,51,1.691413,ok,1,direct,0.471234,10,right_wrist,1,1,2.000000,521.840000,204.730000,2.000000,513.333313,206.666672,8.724358,78.183159,1,0.062000,0.937267
MP_T_Yoga_1,efficientpose,51,1.691413,ok,1,direct,0.471234,11,left_hip,1,1,2.000000,705.800000,417.490000,2.000000,713.333313,420.000000,7.940460,78.183159,1,0.107000,0.982143
MP_T_Yoga_1,efficientpose,51,1.691413,ok,1,direct,0.471234,12,right_hip,1,1,2.000000,666.030000,417.520000,2.000000,686.666687,420.000000,20.785169,78.183159,1,0.107000,0.883853
MP_T_Yoga_1,efficientpose,51,1.691413,ok,1,direct,0.471234,13,left_knee,1,1,2.000000,703.150000,561.400000,2.000000,713.333313,500.000000,62.238733,78.183159,1,0.087000,0.187401
MP_T_Yoga_1,efficientpose,51,1.691413,ok,1,direct,0.471234,14,right_knee,1,1,2.000000,584.420000,482.650000,2.000000,673.333313,500.000000,90.590285,78.183159,0,0.087000,0.028795
MP_T_Yoga_1,efficientpose,51,1.691413,ok,1,direct,0.471234,15,left_ankle,1,1,2.000000,685.450000,669.660000,2.000000,700.000000,633.333313,39.132221,78.183159,1,0.089000,0.531237
MP_T_Yoga_1,efficientpose,51,1.691413,ok,1,direct,0.471234,16,right_ankle,1,1,2.000000,663.100000,541.730000,2.000000,673.333313,646.666687,105.434477,78.183159,0,0.089000,0.010134
MP_T_Yoga_1,efficientpose,52,1.724578,ok,1,direct,0.482799,0,nose,1,1,2.000000,685.220000,241.550000,2.000000,646.666687,246.666672,38.891365,77.227255,1,0.026000,0.000551
MP_T_Yoga_1,efficientpose,52,1.724578,ok,1,direct,0.482799,1,left_eye,0,0,0.000000,0.000000,0.000000,2.000000,673.333313,233.333328,,,,0.025000,
MP_T_Yoga_1,efficientpose,52,1.724578,ok,1,direct,0.482799,2,right_eye,0,0,0.000000,0.000000,0.000000,2.000000,646.666687,233.333328,,,,0.025000,
MP_T_Yoga_1,efficientpose,52,1.724578,ok,1,direct,0.482799,3,left_ear,0,0,0.000000,0.000000,0.000000,2.000000,673.333313,246.666672,,,,0.035000,
MP_T_Yoga_1,efficientpose,52,1.724578,ok,1,direct,0.482799,4,right_ear,0,0,0.000000,0.000000,0.000000,2.000000,633.333313,246.666672,,,,0.035000,
MP_T_Yoga_1,efficientpose,52,1.724578,ok,1,direct,0.482799,5,left_shoulder,1,1,2.000000,732.290000,289.460000,2.000000,700.000000,286.666656,32.410598,77.227255,1,0.079000,0.568685
MP_T_Yoga_1,efficientpose,52,1.724578,ok,1,direct,0.482799,6,right_shoulder,1,1,2.000000,632.550000,292.550000,2.000000,606.666687,273.333344,32.237025,77.227255,1,0.079000,0.572124
MP_T_Yoga_1,efficientpose,52,1.724578,ok,1,direct,0.482799,7,left_elbow,1,1,2.000000,785.690000,241.640000,2.000000,753.333313,246.666672,32.744811,77.227255,1,0.072000,0.499774
MP_T_Yoga_1,efficientpose,52,1.724578,ok,1,direct,0.482799,8,right_elbow,1,1,2.000000,574.240000,252.030000,2.000000,566.666687,246.666672,9.280106,77.227255,1,0.072000,0.945814
MP_T_Yoga_1,efficientpose,52,1.724578,ok,1,direct,0.482799,9,left_wrist,1,1,2.000000,830.470000,176.880000,2.000000,806.666687,193.333328,28.936305,77.227255,1,0.062000,0.481691
MP_T_Yoga_1,efficientpose,52,1.724578,ok,1,direct,0.482799,10,right_wrist,1,1,2.000000,527.880000,198.060000,2.000000,513.333313,193.333328,15.295343,77.227255,1,0.062000,0.815388
MP_T_Yoga_1,efficientpose,52,1.724578,ok,1,direct,0.482799,11,left_hip,1,1,2.000000,706.000000,417.090000,2.000000,700.000000,393.333344,24.502627,77.227255,1,0.107000,0.838742
MP_T_Yoga_1,efficientpose,52,1.724578,ok,1,direct,0.482799,12,right_hip,1,1,2.000000,666.430000,416.920000,2.000000,673.333313,406.666656,12.360695,77.227255,1,0.107000,0.956235
MP_T_Yoga_1,efficientpose,52,1.724578,ok,1,direct,0.482799,13,left_knee,1,1,2.000000,703.040000,561.390000,2.000000,713.333313,513.333313,49.146693,77.227255,1,0.087000,0.342962
MP_T_Yoga_1,efficientpose,52,1.724578,ok,1,direct,0.482799,14,right_knee,1,1,2.000000,584.290000,480.980000,2.000000,686.666687,500.000000,104.128509,77.227255,0,0.087000,0.008198
MP_T_Yoga_1,efficientpose,52,1.724578,ok,1,direct,0.482799,15,left_ankle,1,1,2.000000,685.440000,669.630000,2.000000,700.000000,646.666687,27.190207,77.227255,1,0.089000,0.731255
MP_T_Yoga_1,efficientpose,52,1.724578,ok,1,direct,0.482799,16,right_ankle,1,1,2.000000,663.870000,537.170000,2.000000,686.666687,660.000000,124.927570,77.227255,0,0.089000,0.001350
MP_T_Yoga_1,efficientpose,53,1.757743,ok,1,direct,0.481653,0,nose,1,1,2.000000,685.430000,241.500000,2.000000,660.000000,233.333328,26.709164,76.231042,1,0.026000,0.026464
MP_T_Yoga_1,efficientpose,53,1.757743,ok,1,direct,0.481653,1,left_eye,0,0,0.000000,0.000000,0.000000,2.000000,673.333313,233.333328,,,,0.025000,
MP_T_Yoga_1,efficientpose,53,1.757743,ok,1,direct,0.481653,2,right_eye,0,0,0.000000,0.000000,0.000000,2.000000,646.666687,233.333328,,,,0.025000,
MP_T_Yoga_1,efficientpose,53,1.757743,ok,1,direct,0.481653,3,left_ear,0,0,0.000000,0.000000,0.000000,2.000000,673.333313,246.666672,,,,0.035000,
MP_T_Yoga_1,efficientpose,53,1.757743,ok,1,direct,0.481653,4,right_ear,0,0,0.000000,0.000000,0.000000,2.000000,646.666687,246.666672,,,,0.035000,
MP_T_Yoga_1,efficientpose,53,1.757743,ok,1,direct,0.481653,5,left_shoulder,1,1,2.000000,732.100000,287.970000,2.000000,700.000000,273.333344,35.279480,76.231042,1,0.079000,0.503402
MP_T_Yoga_1,efficientpose,53,1.757743,ok,1,direct,0.481653,6,right_shoulder,1,1,2.000000,633.340000,290.960000,2.000000,606.666687,273.333344,31.971310,76.231042,1,0.079000,0.569111
MP_T_Yoga_1,efficientpose,53,1.757743,ok,1,direct,0.481653,7,left_elbow,1,1,2.000000,783.300000,239.260000,2.000000,753.333313,246.666672,30.868449,76.231042,1,0.072000,0.531208
MP_T_Yoga_1,efficientpose,53,1.757743,ok,1,direct,0.481653,8,right_elbow,1,1,2.000000,577.520000,248.440000,2.000000,566.666687,246.666672,10.997231,76.231042,1,0.072000,0.922848
MP_T_Yoga_1,efficientpose,53,1.757743,ok,1,direct,0.481653,9,left_wrist,1,1,2.000000,825.890000,172.000000,2.000000,820.000000,193.333328,22.131493,76.231042,1,0.062000,0.644981
MP_T_Yoga_1,efficientpose,53,1.757743,ok,1,direct,0.481653,10,right_wrist,1,1,2.000000,533.930000,191.400000,2.000000,513.333313,193.333328,20.687225,76.231042,1,0.062000,0.681699
MP_T_Yoga_1,efficientpose,53,1.757743,ok,1,direct,0.481653,11,left_hip,1,1,2.000000,706.200000,416.690000,2.000000,700.000000,393.333344,24.165542,76.231042,1,0.107000,0.838999
MP_T_Yoga_1,efficientpose,53,1.757743,ok,1,direct,0.481653,12,right_hip,1,1,2.000000,666.830000,416.320000,2.000000,686.666687,406.666656,22.060852,76.231042,1,0.107000,0.863899
MP_T_Yoga_1,efficientpose,53,1.757743,ok,1,direct,0.481653,13,left_knee,1,1,2.000000,702.920000,561.380000,2.000000,713.333313,500.000000,62.257060,76.231042,1,0.087000,0.171632
MP_T_Yoga_1,efficientpose,53,1.757743,ok,1,direct,0.481653,14,right_knee,1,1,2.000000,584.160000,479.310000,2.000000,700.000000,513.333313,120.733141,76.231042,0,0.087000,0.001323
MP_T_Yoga_1,efficientpose,53,1.757743,ok,1,direct,0.481653,15,left_ankle,1,1,2.000000,685.430000,669.600000,2.000000,700.000000,633.333313,39.083980,76.231042,1,0.089000,0.514933
MP_T_Yoga_1,efficientpose,53,1.757743,ok,1,direct,0.481653,16,right_ankle,1,1,2.000000,664.640000,532.610000,2.000000,686.666687,646.666687,116.164120,76.231042,0,0.089000,0.002842
MP_T_Yoga_1,efficientpose,54,1.790908,ok,1,direct,0.462259,0,nose,1,1,2.000000,685.650000,241.450000,2.000000,646.666687,233.333328,39.819330,75.196142,1,0.026000,0.000249
MP_T_Yoga_1,efficientpose,54,1.790908,ok,1,direct,0.462259,1,left_eye,0,0,0.000000,0.000000,0.000000,2.000000,660.000000,233.333328,,,,0.025000,
MP_T_Yoga_1,efficientpose,54,1.790908,ok,1,direct,0.462259,2,right_eye,0,0,0.000000,0.000000,0.000000,2.000000,633.333313,233.333328,,,,0.025000,
MP_T_Yoga_1,efficientpose,54,1.790908,ok,1,direct,0.462259,3,left_ear,0,0,0.000000,0.000000,0.000000,2.000000,673.333313,233.333328,,,,0.035000,
MP_T_Yoga_1,efficientpose,54,1.790908,ok,1,direct,0.462259,4,right_ear,0,0,0.000000,0.000000,0.000000,2.000000,620.000000,246.666672,,,,0.035000,
MP_T_Yoga_1,efficientpose,54,1.790908,ok,1,direct,0.462259,5,left_shoulder,1,1,2.000000,731.900000,286.470000,2.000000,686.666687,273.333344,47.102275,75.196142,1,0.079000,0.284397
MP_T_Yoga_1,efficientpose,54,1.790908,ok,1,direct,0.462259,6,right_shoulder,1,1,2.000000,634.140000,289.360000,2.000000,620.000000,273.333344,21.372724,75.196142,1,0.079000,0.771913
MP_T_Yoga_1,efficientpose,54,1.790908,ok,1,direct,0.462259,7,left_elbow,1,1,2.000000,780.910000,236.870000,2.000000,753.333313,246.666672,29.265140,75.196142,1,0.072000,0.557467
MP_T_Yoga_1,efficientpose,54,1.790908,ok,1,direct,0.462259,8,right_elbow,1,1,2.000000,580.800000,244.860000,2.000000,566.666687,246.666672,14.248319,75.196142,1,0.072000,0.870649
MP_T_Yoga_1,efficientpose,54,1.790908,ok,1,direct,0.462259,9,left_wrist,1,1,2.000000,821.320000,167.130000,2.000000,806.666687,193.333328,30.022225,75.196142,1,0.062000,0.436330
MP_T_Yoga_1,efficientpose,54,1.790908,ok,1,direct,0.462259,10,right_wrist,1,1,2.000000,539.970000,184.730000,2.000000,513.333313,193.333328,27.991612,75.196142,1,0.062000,0.486285
MP_T_Yoga_1,efficientpose,54,1.790908,ok,1,direct,0.462259,11,left_hip,1,1,2.000000,706.400000,416.290000,2.000000,700.000000,393.333344,23.832081,75.196142,1,0.107000,0.839065
MP_T_Yoga_1,efficientpose,54,1.790908,ok,1,direct,0.462259,12,right_hip,1,1,2.000000,667.230000,415.730000,2.000000,686.666687,406.666656,21.445955,75.196142,1,0.107000,0.867544
MP_T_Yoga_1,efficientpose,54,1.790908,ok,1,direct,0.462259,13,left_knee,1,1,2.000000,702.810000,561.370000,2.000000,713.333313,486.666656,75.440902,75.196142,0,0.087000,0.069977
MP_T_Yoga_1,efficientpose,54,1.790908,ok,1,direct,0.462259,14,right_knee,1,1,2.000000,584.030000,477.640000,2.000000,700.000000,513.333313,121.338590,75.196142,0,0.087000,0.001028
MP_T_Yoga_1,efficientpose,54,1.790908,ok,1,direct,0.462259,15,left_ankle,1,1,2.000000,685.420000,669.570000,2.000000,806.666687,206.666672,478.518809,75.196142,0,0.089000,0.000000
MP_T_Yoga_1,efficientpose,54,1.790908,ok,1,direct,0.462259,16,right_ankle,1,1,2.000000,665.410000,528.050000,2.000000,700.000000,660.000000,136.408470,75.196142,0,0.089000,0.000246
MP_T_Yoga_1,efficientpose,55,1.824073,ok,1,direct,0.366939,0,nose,1,1,2.000000,685.860000,241.390000,2.000000,633.333313,233.333328,53.140971,74.119182,1,0.026000,0.000000
MP_T_Yoga_1,efficientpose,55,1.824073,ok,1,direct,0.366939,1,left_eye,0,0,0.000000,0.000000,0.000000,2.000000,646.666687,220.000000,,,,0.025000,
MP_T_Yoga_1,efficientpose,55,1.824073,ok,1,direct,0.366939,2,right_eye,0,0,0.000000,0.000000,0.000000,2.000000,633.333313,220.000000,,,,0.025000,
MP_T_Yoga_1,efficientpose,55,1.824073,ok,1,direct,0.366939,3,left_ear,0,0,0.000000,0.000000,0.000000,2.000000,673.333313,233.333328,,,,0.035000,
MP_T_Yoga_1,efficientpose,55,1.824073,ok,1,direct,0.366939,4,right_ear,0,0,0.000000,0.000000,0.000000,2.000000,633.333313,233.333328,,,,0.035000,
MP_T_Yoga_1,efficientpose,55,1.824073,ok,1,direct,0.366939,5,left_shoulder,1,1,2.000000,731.700000,284.980000,2.000000,700.000000,260.000000,40.359514,74.119182,1,0.079000,0.386671
MP_T_Yoga_1,efficientpose,55,1.824073,ok,1,direct,0.366939,6,right_shoulder,1,1,2.000000,634.940000,287.770000,2.000000,593.333313,273.333344,44.040135,74.119182,1,0.079000,0.322585
MP_T_Yoga_1,efficientpose,55,1.824073,ok,1,direct,0.366939,7,left_elbow,1,1,2.000000,778.520000,234.480000,2.000000,740.000000,260.000000,46.206718,74.119182,1,0.072000,0.223267
MP_T_Yoga_1,efficientpose,55,1.824073,ok,1,direct,0.366939,8,right_elbow,1,1,2.000000,584.090000,241.280000,2.000000,673.333313,260.000000,91.185565,74.119182,0,0.072000,0.002911
MP_T_Yoga_1,efficientpose,55,1.824073,ok,1,direct,0.366939,9,left_wrist,1,1,2.000000,816.740000,162.250000,2.000000,753.333313,220.000000,85.764039,74.119182,0,0.062000,0.000943
MP_T_Yoga_1,efficientpose,55,1.824073,ok,1,direct,0.366939,10,right_wrist,1,1,2.000000,546.010000,178.070000,2.000000,526.666687,206.666672,34.524388,74.119182,1,0.062000,0.323404
MP_T_Yoga_1,efficientpose,55,1.824073,ok,1,direct,0.366939,11,left_hip,1,1,2.000000,706.600000,415.890000,2.000000,700.000000,380.000000,36.491809,74.119182,1,0.107000,0.654790
MP_T_Yoga_1,efficientpose,55,1.824073,ok,1,direct,0.366939,12,right_hip,1,1,2.000000,667.630000,415.130000,2.000000,686.666687,393.333344,28.939414,74.119182,1,0.107000,0.766205
MP_T_Yoga_1,efficientpose,55,1.824073,ok,1,direct,0.366939,13,left_knee,1,1,2.000000,702.690000,561.370000,2.000000,713.333313,473.333344,88.677692,74.119182,0,0.087000,0.022770
MP_T_Yoga_1,efficientpose,55,1.824073,ok,1,direct,0.366939,14,right_knee,1,1,2.000000,583.900000,475.970000,2.000000,686.666687,486.666656,103.321878,74.119182,0,0.087000,0.005889
MP_T_Yoga_1,efficientpose,55,1.824073,ok,1,direct,0.366939,15,left_ankle,1,1,2.000000,685.410000,669.550000,2.000000,806.666687,206.666672,478.501996,74.119182,0,0.089000,0.000000
MP_T_Yoga_1,efficientpose,55,1.824073,ok,1,direct,0.366939,16,right_ankle,1,1,2.000000,666.180000,523.490000,2.000000,700.000000,646.666687,127.735229,74.119182,0,0.089000,0.000554
MP_T_Yoga_1,efficientpose,56,1.857238,ok,1,direct,0.226753,0,nose,1,1,2.000000,685.580000,241.320000,2.000000,633.333313,220.000000,56.429236,72.546699,1,0.026000,0.000000
MP_T_Yoga_1,efficientpose,56,1.857238,ok,1,direct,0.226753,1,left_eye,0,0,0.000000,0.000000,0.000000,2.000000,646.666687,220.000000,,,,0.025000,
MP_T_Yoga_1,efficientpose,56,1.857238,ok,1,direct,0.226753,2,right_eye,0,0,0.000000,0.000000,0.000000,2.000000,620.000000,233.333328,,,,0.025000,
MP_T_Yoga_1,efficientpose,56,1.857238,ok,1,direct,0.226753,3,left_ear,0,0,0.000000,0.000000,0.000000,2.000000,686.666687,233.333328,,,,0.035000,
MP_T_Yoga_1,efficientpose,56,1.857238,ok,1,direct,0.226753,4,right_ear,0,0,0.000000,0.000000,0.000000,2.000000,326.666656,313.333344,,,,0.035000,
MP_T_Yoga_1,efficientpose,56,1.857238,ok,1,direct,0.226753,5,left_shoulder,1,1,2.000000,731.530000,284.770000,2.000000,740.000000,233.333328,52.129378,72.546699,1,0.079000,0.191159
MP_T_Yoga_1,efficientpose,56,1.857238,ok,1,direct,0.226753,6,right_shoulder,1,1,2.000000,635.190000,287.470000,2.000000,540.000000,273.333344,96.233992,72.546699,0,0.079000,0.003557
MP_T_Yoga_1,efficientpose,56,1.857238,ok,1,direct,0.226753,7,left_elbow,1,1,2.000000,776.740000,231.880000,2.000000,740.000000,246.666672,39.603955,72.546699,1,0.072000,0.316713
MP_T_Yoga_1,efficientpose,56,1.857238,ok,1,direct,0.226753,8,right_elbow,1,1,2.000000,587.210000,239.720000,2.000000,700.000000,260.000000,114.598702,72.546699,0,0.072000,0.000066
MP_T_Yoga_1,efficientpose,56,1.857238,ok,1,direct,0.226753,9,left_wrist,1,1,2.000000,811.240000,159.280000,2.000000,766.666687,206.666672,65.055952,72.546699,1,0.062000,0.015238
MP_T_Yoga_1,efficientpose,56,1.857238,ok,1,direct,0.226753,10,right_wrist,1,1,2.000000,553.370000,172.940000,2.000000,526.666687,193.333328,33.599922,72.546699,1,0.062000,0.327568
MP_T_Yoga_1,efficientpose,56,1.857238,ok,1,direct,0.226753,11,left_hip,1,1,2.000000,706.590000,415.910000,2.000000,713.333313,366.666656,49.702909,72.546699,1,0.107000,0.440451
MP_T_Yoga_1,efficientpose,56,1.857238,ok,1,direct,0.226753,12,right_hip,1,1,2.000000,667.450000,415.170000,2.000000,713.333313,393.333344,50.814545,72.546699,1,0.107000,0.424415
MP_T_Yoga_1,efficientpose,56,1.857238,ok,1,direct,0.226753,13,left_knee,1,1,2.000000,702.580000,561.360000,2.000000,713.333313,473.333344,88.681035,72.546699,0,0.087000,0.019286
MP_T_Yoga_1,efficientpose,56,1.857238,ok,1,direct,0.226753,14,right_knee,1,1,2.000000,584.330000,476.090000,2.000000,700.000000,486.666656,116.152549,72.546699,0,0.087000,0.001144
MP_T_Yoga_1,efficientpose,56,1.857238,ok,1,direct,0.226753,15,left_ankle,1,1,2.000000,685.390000,669.520000,2.000000,806.666687,206.666672,478.478044,72.546699,0,0.089000,0.000000
MP_T_Yoga_1,efficientpose,56,1.857238,ok,1,direct,0.226753,16,right_ankle,1,1,2.000000,667.080000,519.760000,2.000000,806.666687,180.000000,367.316350,72.546699,0,0.089000,0.000000
MP_T_Yoga_1,efficientpose,57,1.890403,ok,1,direct,0.228202,0,nose,1,1,2.000000,685.290000,241.250000,2.000000,606.666687,233.333328,79.020877,70.918046,0,0.026000,0.000000
MP_T_Yoga_1,efficientpose,57,1.890403,ok,1,direct,0.228202,1,left_eye,0,0,0.000000,0.000000,0.000000,2.000000,633.333313,220.000000,,,,0.025000,
MP_T_Yoga_1,efficientpose,57,1.890403,ok,1,direct,0.228202,2,right_eye,0,0,0.000000,0.000000,0.000000,2.000000,593.333313,233.333328,,,,0.025000,
MP_T_Yoga_1,efficientpose,57,1.890403,ok,1,direct,0.228202,3,left_ear,0,0,0.000000,0.000000,0.000000,2.000000,673.333313,233.333328,,,,0.035000,
MP_T_Yoga_1,efficientpose,57,1.890403,ok,1,direct,0.228202,4,right_ear,0,0,0.000000,0.000000,0.000000,2.000000,593.333313,246.666672,,,,0.035000,
MP_T_Yoga_1,efficientpose,57,1.890403,ok,1,direct,0.228202,5,left_shoulder,1,1,2.000000,731.350000,284.550000,2.000000,713.333313,246.666672,41.949345,70.918046,1,0.079000,0.325864
MP_T_Yoga_1,efficientpose,57,1.890403,ok,1,direct,0.228202,6,right_shoulder,1,1,2.000000,635.450000,287.170000,2.000000,540.000000,273.333344,96.447683,70.918046,0,0.079000,0.002666
MP_T_Yoga_1,efficientpose,57,1.890403,ok,1,direct,0.228202,7,left_elbow,1,1,2.000000,774.950000,229.280000,2.000000,740.000000,246.666672,39.035866,70.918046,1,0.072000,0.310707
MP_T_Yoga_1,efficientpose,57,1.890403,ok,1,direct,0.228202,8,right_elbow,1,1,2.000000,590.330000,238.160000,2.000000,473.333344,353.333344,164.174044,70.918046,0,0.072000,0.000000
MP_T_Yoga_1,efficientpose,57,1.890403,ok,1,direct,0.228202,9,left_wrist,1,1,2.000000,805.740000,156.310000,2.000000,766.666687,206.666672,63.737887,70.918046,1,0.062000,0.014955
MP_T_Yoga_1,efficientpose,57,1.890403,ok,1,direct,0.228202,10,right_wrist,1,1,2.000000,560.730000,167.810000,2.000000,513.333313,193.333328,53.832019,70.918046,1,0.062000,0.049893
MP_T_Yoga_1,efficientpose,57,1.890403,ok,1,direct,0.228202,11,left_hip,1,1,2.000000,706.580000,415.930000,2.000000,700.000000,366.666656,49.700839,70.918046,1,0.107000,0.424018
MP_T_Yoga_1,efficientpose,57,1.890403,ok,1,direct,0.228202,12,right_hip,1,1,2.000000,667.280000,415.210000,2.000000,686.666687,380.000000,40.194374,70.918046,1,0.107000,0.570552
MP_T_Yoga_1,efficientpose,57,1.890403,ok,1,direct,0.228202,13,left_knee,1,1,2.000000,702.460000,561.350000,2.000000,713.333313,460.000000,101.931602,70.918046,0,0.087000,0.004259
MP_T_Yoga_1,efficientpose,57,1.890403,ok,1,direct,0.228202,14,right_knee,1,1,2.000000,584.760000,476.200000,2.000000,660.000000,473.333344,75.294590,70.918046,0,0.087000,0.050866
MP_T_Yoga_1,efficientpose,57,1.890403,ok,1,direct,0.228202,15,left_ankle,1,1,2.000000,685.380000,669.490000,2.000000,806.666687,206.666672,478.451558,70.918046,0,0.089000,0.000000
MP_T_Yoga_1,efficientpose,57,1.890403,ok,1,direct,0.228202,16,right_ankle,1,1,2.000000,667.980000,516.040000,2.000000,673.333313,646.666687,130.736335,70.918046,0,0.089000,0.000188
MP_T_Yoga_1,efficientpose,58,1.923568,ok,1,direct,0.279865,0,nose,1,1,2.000000,685.000000,241.180000,2.000000,553.333313,246.666672,131.780955,69.229930,0,0.026000,0.000000
MP_T_Yoga_1,efficientpose,58,1.923568,ok,1,direct,0.279865,1,left_eye,0,0,0.000000,0.000000,0.000000,2.000000,593.333313,233.333328,,,,0.025000,
MP_T_Yoga_1,efficientpose,58,1.923568,ok,1,direct,0.279865,2,right_eye,0,0,0.000000,0.000000,0.000000,2.000000,553.333313,233.333328,,,,0.025000,
MP_T_Yoga_1,efficientpose,58,1.923568,ok,1,direct,0.279865,3,left_ear,0,0,0.000000,0.000000,0.000000,2.000000,646.666687,246.666672,,,,0.035000,
MP_T_Yoga_1,efficientpose,58,1.923568,ok,1,direct,0.279865,4,right_ear,0,0,0.000000,0.000000,0.000000,2.000000,580.000000,246.666672,,,,0.035000,
MP_T_Yoga_1,efficientpose,58,1.923568,ok,1,direct,0.279865,5,left_shoulder,1,1,2.000000,731.180000,284.340000,2.000000,686.666687,246.666672,58.315647,69.229930,1,0.079000,0.102917
MP_T_Yoga_1,efficientpose,58,1.923568,ok,1,direct,0.279865,6,right_shoulder,1,1,2.000000,635.710000,286.870000,2.000000,540.000000,260.000000,99.410266,69.229930,0,0.079000,0.001350
MP_T_Yoga_1,efficientpose,58,1.923568,ok,1,direct,0.279865,7,left_elbow,1,1,2.000000,773.170000,226.680000,2.000000,700.000000,246.666672,75.850616,69.229930,0,0.072000,0.009743
MP_T_Yoga_1,efficientpose,58,1.923568,ok,1,direct,0.279865,8,right_elbow,1,1,2.000000,593.450000,236.600000,2.000000,580.000000,286.666656,51.841804,69.229930,1,0.072000,0.114933
MP_T_Yoga_1,efficientpose,58,1.923568,ok,1,direct,0.279865,9,left_wrist,1,1,2.000000,800.240000,153.330000,2.000000,700.000000,246.666672,136.966390,69.229930,0,0.062000,0.000000
MP_T_Yoga_1,efficientpose,58,1.923568,ok,1,direct,0.279865,10,right_wrist,1,1,2.000000,568.090000,162.680000,2.000000,593.333313,273.333344,113.496199,69.229930,0,0.062000,0.000001
MP_T_Yoga_1,efficientpose,58,1.923568,ok,1,direct,0.279865,11,left_hip,1,1,2.000000,706.570000,415.950000,2.000000,686.666687,353.333344,65.703786,69.229930,1,0.107000,0.207327
MP_T_Yoga_1,efficientpose,58,1.923568,ok,1,direct,0.279865,12,right_hip,1,1,2.000000,667.110000,415.250000,2.000000,686.666687,353.333344,64.931782,69.229930,1,0.107000,0.215090
MP_T_Yoga_1,efficientpose,58,1.923568,ok,1,direct,0.279865,13,left_knee,1,1,2.000000,702.350000,561.350000,2.000000,686.666687,446.666656,115.750748,69.229930,0,0.087000,0.000619
MP_T_Yoga_1,efficientpose,58,1.923568,ok,1,direct,0.279865,14,right_knee,1,1,2.000000,585.190000,476.320000,2.000000,673.333313,460.000000,89.641430,69.229930,0,0.087000,0.011912
MP_T_Yoga_1,efficientpose,58,1.923568,ok,1,direct,0.279865,15,left_ankle,1,1,2.000000,685.370000,669.460000,2.000000,793.333313,206.666672,475.219677,69.229930,0,0.089000,0.000000
MP_T_Yoga_1,efficientpose,58,1.923568,ok,1,direct,0.279865,16,right_ankle,1,1,2.000000,668.880000,512.310000,2.000000,686.666687,646.666687,135.528910,69.229930,0,0.089000,0.000063
MP_T_Yoga_1,efficientpose,59,1.956733,ok,1,direct,0.300006,0,nose,1,1,2.000000,684.720000,241.110000,2.000000,593.333313,246.666672,91.555465,67.477123,0,0.026000,0.000000
MP_T_Yoga_1,efficientpose,59,1.956733,ok,1,direct,0.300006,1,left_eye,0,0,0.000000,0.000000,0.000000,2.000000,606.666687,233.333328,,,,0.025000,
MP_T_Yoga_1,efficientpose,59,1.956733,ok,1,direct,0.300006,2,right_eye,0,0,0.000000,0.000000,0.000000,2.000000,580.000000,246.666672,,,,0.025000,
MP_T_Yoga_1,efficientpose,59,1.956733,ok,1,direct,0.300006,3,left_ear,0,0,0.000000,0.000000,0.000000,2.000000,660.000000,246.666672,,,,0.035000,
MP_T_Yoga_1,efficientpose,59,1.956733,ok,1,direct,0.300006,4,right_ear,0,0,0.000000,0.000000,0.000000,2.000000,593.333313,246.666672,,,,0.035000,
MP_T_Yoga_1,efficientpose,59,1.956733,ok,1,direct,0.300006,5,left_shoulder,1,1,2.000000,731.010000,284.120000,2.000000,686.666687,246.666672,58.043787,67.477123,1,0.079000,0.093366
MP_T_Yoga_1,efficientpose,59,1.956733,ok,1,direct,0.300006,6,right_shoulder,1,1,2.000000,635.970000,286.570000,2.000000,566.666687,260.000000,74.222059,67.477123,0,0.079000,0.020707
MP_T_Yoga_1,efficientpose,59,1.956733,ok,1,direct,0.300006,7,left_elbow,1,1,2.000000,771.390000,224.070000,2.000000,700.000000,260.000000,79.921818,67.477123,0,0.072000,0.004461
MP_T_Yoga_1,efficientpose,59,1.956733,ok,1,direct,0.300006,8,right_elbow,1,1,2.000000,596.570000,235.040000,2.000000,686.666687,260.000000,93.490185,67.477123,0,0.072000,0.000608
MP_T_Yoga_1,efficientpose,59,1.956733,ok,1,direct,0.300006,9,left_wrist,1,1,2.000000,794.740000,150.360000,2.000000,740.000000,233.333328,99.403424,67.477123,0,0.062000,0.000012
MP_T_Yoga_1,efficientpose,59,1.956733,ok,1,direct,0.300006,10,right_wrist,1,1,2.000000,575.450000,157.550000,2.000000,740.000000,220.000000,176.002003,67.477123,0,0.062000,0.000000
MP_T_Yoga_1,efficientpose,59,1.956733,ok,1,direct,0.300006,11,left_hip,1,1,2.000000,706.560000,415.970000,2.000000,700.000000,353.333344,62.979237,67.477123,1,0.107000,0.218329
MP_T_Yoga_1,efficientpose,59,1.956733,ok,1,direct,0.300006,12,right_hip,1,1,2.000000,666.930000,415.280000,2.000000,686.666687,340.000000,77.824259,67.477123,0,0.107000,0.097911
MP_T_Yoga_1,efficientpose,59,1.956733,ok,1,direct,0.300006,13,left_knee,1,1,2.000000,702.230000,561.340000,2.000000,686.666687,446.666656,115.724641,67.477123,0,0.087000,0.000421
MP_T_Yoga_1,efficientpose,59,1.956733,ok,1,direct,0.300006,14,right_knee,1,1,2.000000,585.620000,476.430000,2.000000,673.333313,460.000000,89.238838,67.477123,0,0.087000,0.009838
MP_T_Yoga_1,efficientpose,59,1.956733,ok,1,direct,0.300006,15,left_ankle,1,1,2.000000,685.360000,669.440000,2.000000,806.666687,206.666672,478.408263,67.477123,0,0.089000,0.000000
MP_T_Yoga_1,efficientpose,59,1.956733,ok,1,direct,0.300006,16,right_ankle,1,1,2.000000,669.780000,508.580000,2.000000,686.666687,646.666687,139.115396,67.477123,0,0.089000,0.000022
MP_T_Yoga_1,efficientpose,60,1.989898,ok,1,direct,0.287322,0,nose,1,1,2.000000,684.430000,241.040000,2.000000,620.000000,246.666672,64.675222,65.655406,1,0.026000,0.000000
MP_T_Yoga_1,efficientpose,60,1.989898,ok,1,direct,0.287322,1,left_eye,0,0,0.000000,0.000000,0.000000,2.000000,620.000000,233.333328,,,,0.025000,
MP_T_Yoga_1,efficientpose,60,1.989898,ok,1,direct,0.287322,2,right_eye,0,0,0.000000,0.000000,0.000000,2.000000,606.666687,233.333328,,,,0.025000,
MP_T_Yoga_1,efficientpose,60,1.989898,ok,1,direct,0.287322,3,left_ear,0,0,0.000000,0.000000,0.000000,2.000000,686.666687,233.333328,,,,0.035000,
MP_T_Yoga_1,efficientpose,60,1.989898,ok,1,direct,0.287322,4,right_ear,0,0,0.000000,0.000000,0.000000,2.000000,620.000000,233.333328,,,,0.035000,
MP_T_Yoga_1,efficientpose,60,1.989898,ok,1,direct,0.287322,5,left_shoulder,1,1,2.000000,730.840000,283.910000,2.000000,740.000000,206.666672,77.784557,65.655406,0,0.079000,0.011131
MP_T_Yoga_1,efficientpose,60,1.989898,ok,1,direct,0.287322,6,right_shoulder,1,1,2.000000,636.220000,286.270000,2.000000,553.333313,246.666672,91.861997,65.655406,0,0.079000,0.001886
MP_T_Yoga_1,efficientpose,60,1.989898,ok,1,direct,0.287322,7,left_elbow,1,1,2.000000,769.600000,221.470000,2.000000,740.000000,246.666672,38.871999,65.655406,1,0.072000,0.258625
MP_T_Yoga_1,efficientpose,60,1.989898,ok,1,direct,0.287322,8,right_elbow,1,1,2.000000,599.690000,233.480000,2.000000,713.333313,246.666672,114.405817,65.655406,0,0.072000,0.000008
MP_T_Yoga_1,efficientpose,60,1.989898,ok,1,direct,0.287322,9,left_wrist,1,1,2.000000,789.240000,147.390000,2.000000,753.333313,233.333328,93.142610,65.655406,0,0.062000,0.000028
MP_T_Yoga_1,efficientpose,60,1.989898,ok,1,direct,0.287322,10,right_wrist,1,1,2.000000,582.800000,152.420000,2.000000,740.000000,220.000000,171.110772,65.655406,0,0.062000,0.000000
MP_T_Yoga_1,efficientpose,60,1.989898,ok,1,direct,0.287322,11,left_hip,1,1,2.000000,706.550000,415.990000,2.000000,700.000000,326.666656,89.563174,65.655406,0,0.107000,0.038746
MP_T_Yoga_1,efficientpose,60,1.989898,ok,1,direct,0.287322,12,right_hip,1,1,2.000000,666.760000,415.320000,2.000000,686.666687,326.666656,90.860836,65.655406,0,0.107000,0.035239
MP_T_Yoga_1,efficientpose,60,1.989898,ok,1,direct,0.287322,13,left_knee,1,1,2.000000,702.120000,561.330000,2.000000,580.000000,446.666656,167.514109,65.655406,0,0.087000,0.000000
MP_T_Yoga_1,efficientpose,60,1.989898,ok,1,direct,0.287322,14,right_knee,1,1,2.000000,586.050000,476.550000,2.000000,673.333313,460.000000,88.838501,65.655406,0,0.087000,0.007924
MP_T_Yoga_1,efficientpose,60,1.989898,ok,1,direct,0.287322,15,left_ankle,1,1,2.000000,685.350000,669.410000,2.000000,686.666687,633.333313,36.100707,65.655406,1,0.089000,0.466089
MP_T_Yoga_1,efficientpose,60,1.989898,ok,1,direct,0.287322,16,right_ankle,1,1,2.000000,670.680000,504.860000,2.000000,686.666687,646.666687,142.704978,65.655406,0,0.089000,0.000007
MP_T_Yoga_1,efficientpose,61,2.023063,ok,1,direct,0.302094,0,nose,1,1,2.000000,684.140000,241.000000,2.000000,633.333313,233.333328,51.381877,64.371399,1,0.026000,0.000000
MP_T_Yoga_1,efficientpose,61,2.023063,ok,1,direct,0.302094,1,left_eye,0,0,0.000000,0.000000,0.000000,2.000000,633.333313,220.000000,,,,0.025000,
MP_T_Yoga_1,efficientpose,61,2.023063,ok,1,direct,0.302094,2,right_eye,0,0,0.000000,0.000000,0.000000,2.000000,606.666687,233.333328,,,,0.025000,
MP_T_Yoga_1,efficientpose,61,2.023063,ok,1,direct,0.302094,3,left_ear,0,0,0.000000,0.000000,0.000000,2.000000,700.000000,220.000000,,,,0.035000,
MP_T_Yoga_1,efficientpose,61,2.023063,ok,1,direct,0.302094,4,right_ear,0,0,0.000000,0.000000,0.000000,2.000000,620.000000,233.333328,,,,0.035000,
MP_T_Yoga_1,efficientpose,61,2.023063,ok,1,direct,0.302094,5,left_shoulder,1,1,2.000000,730.670000,283.690000,2.000000,740.000000,220.000000,64.369752,64.371399,1,0.079000,0.040581
MP_T_Yoga_1,efficientpose,61,2.023063,ok,1,direct,0.302094,6,right_shoulder,1,1,2.000000,636.480000,285.960000,2.000000,580.000000,246.666672,68.803750,64.371399,0,0.079000,0.025704
MP_T_Yoga_1,efficientpose,61,2.023063,ok,1,direct,0.302094,7,left_elbow,1,1,2.000000,768.660000,219.920000,2.000000,740.000000,246.666672,39.201786,64.371399,1,0.072000,0.239108
MP_T_Yoga_1,efficientpose,61,2.023063,ok,1,direct,0.302094,8,right_elbow,1,1,2.000000,601.930000,230.810000,2.000000,713.333313,260.000000,115.164032,64.371399,0,0.072000,0.000004
MP_T_Yoga_1,efficientpose,61,2.023063,ok,1,direct,0.302094,9,left_wrist,1,1,2.000000,784.250000,145.580000,2.000000,740.000000,233.333328,98.278732,64.371399,0,0.062000,0.000005
MP_T_Yoga_1,efficientpose,61,2.023063,ok,1,direct,0.302094,10,right_wrist,1,1,2.000000,589.510000,151.050000,2.000000,726.666687,233.333328,159.945312,64.371399,0,0.062000,0.000000
MP_T_Yoga_1,efficientpose,61,2.023063,ok,1,direct,0.302094,11,left_hip,1,1,2.000000,706.540000,416.010000,2.000000,700.000000,340.000000,76.290836,64.371399,0,0.107000,0.085975
MP_T_Yoga_1,efficientpose,61,2.023063,ok,1,direct,0.302094,12,right_hip,1,1,2.000000,666.590000,415.360000,2.000000,673.333313,326.666656,88.949320,64.371399,0,0.107000,0.035597
MP_T_Yoga_1,efficientpose,61,2.023063,ok,1,direct,0.302094,13,left_knee,1,1,2.000000,702.000000,561.320000,2.000000,686.666687,460.000000,102.473669,64.371399,0,0.087000,0.001236
MP_T_Yoga_1,efficientpose,61,2.023063,ok,1,direct,0.302094,14,right_knee,1,1,2.000000,586.480000,476.660000,2.000000,660.000000,460.000000,75.383990,64.371399,0,0.087000,0.026681
MP_T_Yoga_1,efficientpose,61,2.023063,ok,1,direct,0.302094,15,left_ankle,1,1,2.000000,685.340000,669.380000,2.000000,700.000000,633.333313,38.913741,64.371399,1,0.089000,0.397436
MP_T_Yoga_1,efficientpose,61,2.023063,ok,1,direct,0.302094,16,right_ankle,1,1,2.000000,670.840000,504.930000,2.000000,673.333313,646.666687,141.758615,64.371399,0,0.089000,0.000005
MP_T_Yoga_1,efficientpose,62,2.056228,ok,1,direct,0.239951,0,nose,1,1,2.000000,683.850000,240.950000,2.000000,646.666687,233.333328,37.955401,63.590373,1,0.026000,0.000026
MP_T_Yoga_1,efficientpose,62,2.056228,ok,1,direct,0.239951,1,left_eye,0,0,0.000000,0.000000,0.000000,2.000000,660.000000,220.000000,,,,0.025000,
MP_T_Yoga_1,efficientpose,62,2.056228,ok,1,direct,0.239951,2,right_eye,0,0,0.000000,0.000000,0.000000,2.000000,633.333313,220.000000,,,,0.025000,
MP_T_Yoga_1,efficientpose,62,2.056228,ok,1,direct,0.239951,3,left_ear,0,0,0.000000,0.000000,0.000000,2.000000,700.000000,220.000000,,,,0.035000,
MP_T_Yoga_1,efficientpose,62,2.056228,ok,1,direct,0.239951,4,right_ear,0,0,0.000000,0.000000,0.000000,2.000000,633.333313,233.333328,,,,0.035000,
MP_T_Yoga_1,efficientpose,62,2.056228,ok,1,direct,0.239951,5,left_shoulder,1,1,2.000000,730.490000,283.480000,2.000000,740.000000,220.000000,64.188398,63.590373,0,0.079000,0.038190
MP_T_Yoga_1,efficientpose,62,2.056228,ok,1,direct,0.239951,6,right_shoulder,1,1,2.000000,636.740000,285.660000,2.000000,566.666687,260.000000,74.623755,63.590373,0,0.079000,0.012117
MP_T_Yoga_1,efficientpose,62,2.056228,ok,1,direct,0.239951,7,left_elbow,1,1,2.000000,767.710000,218.380000,2.000000,740.000000,233.333328,31.487238,63.590373,1,0.072000,0.388325
MP_T_Yoga_1,efficientpose,62,2.056228,ok,1,direct,0.239951,8,right_elbow,1,1,2.000000,604.170000,228.140000,2.000000,686.666687,260.000000,88.435078,63.590373,0,0.072000,0.000575
MP_T_Yoga_1,efficientpose,62,2.056228,ok,1,direct,0.239951,9,left_wrist,1,1,2.000000,779.260000,143.780000,2.000000,766.666687,206.666672,64.135209,63.590373,0,0.062000,0.005029
MP_T_Yoga_1,efficientpose,62,2.056228,ok,1,direct,0.239951,10,right_wrist,1,1,2.000000,596.220000,149.670000,2.000000,553.333313,220.000000,82.374613,63.590373,0,0.062000,0.000162
MP_T_Yoga_1,efficientpose,62,2.056228,ok,1,direct,0.239951,11,left_hip,1,1,2.000000,706.530000,416.030000,2.000000,726.666687,380.000000,41.275260,63.590373,1,0.107000,0.479041
MP_T_Yoga_1,efficientpose,62,2.056228,ok,1,direct,0.239951,12,right_hip,1,1,2.000000,666.420000,415.400000,2.000000,713.333313,393.333344,51.843961,63.590373,1,0.107000,0.313136
MP_T_Yoga_1,efficientpose,62,2.056228,ok,1,direct,0.239951,13,left_knee,1,1,2.000000,701.890000,561.320000,2.000000,713.333313,460.000000,101.964169,63.590373,0,0.087000,0.001121
MP_T_Yoga_1,efficientpose,62,2.056228,ok,1,direct,0.239951,14,right_knee,1,1,2.000000,586.910000,476.780000,2.000000,633.333313,473.333344,46.551084,63.590373,1,0.087000,0.242679
MP_T_Yoga_1,efficientpose,62,2.056228,ok,1,direct,0.239951,15,left_ankle,1,1,2.000000,685.330000,669.350000,2.000000,806.666687,193.333328,491.237685,63.590373,0,0.089000,0.000000
MP_T_Yoga_1,efficientpose,62,2.056228,ok,1,direct,0.239951,16,right_ankle,1,1,2.000000,671.000000,505.010000,2.000000,686.666687,646.666687,142.520392,63.590373,0,0.089000,0.000003
MP_T_Yoga_1,efficientpose,63,2.089393,ok,1,direct,0.188108,0,nose,1,1,2.000000,683.560000,240.910000,2.000000,660.000000,220.000000,31.500821,62.794119,1,0.026000,0.000584
MP_T_Yoga_1,efficientpose,63,2.089393,ok,1,direct,0.188108,1,left_eye,0,0,0.000000,0.000000,0.000000,2.000000,660.000000,220.000000,,,,0.025000,
MP_T_Yoga_1,efficientpose,63,2.089393,ok,1,direct,0.188108,2,right_eye,0,0,0.000000,0.000000,0.000000,2.000000,646.666687,220.000000,,,,0.025000,
MP_T_Yoga_1,efficientpose,63,2.089393,ok,1,direct,0.188108,3,left_ear,0,0,0.000000,0.000000,0.000000,2.000000,713.333313,220.000000,,,,0.035000,
MP_T_Yoga_1,efficientpose,63,2.089393,ok,1,direct,0.188108,4,right_ear,0,0,0.000000,0.000000,0.000000,2.000000,633.333313,233.333328,,,,0.035000,
MP_T_Yoga_1,efficientpose,63,2.089393,ok,1,direct,0.188108,5,left_shoulder,1,1,2.000000,730.320000,283.260000,2.000000,740.000000,233.333328,50.856415,62.794119,1,0.079000,0.122214
MP_T_Yoga_1,efficientpose,63,2.089393,ok,1,direct,0.188108,6,right_shoulder,1,1,2.000000,637.000000,285.360000,2.000000,566.666687,260.000000,74.765664,62.794119,0,0.079000,0.010641
MP_T_Yoga_1,efficientpose,63,2.089393,ok,1,direct,0.188108,7,left_elbow,1,1,2.000000,766.770000,216.830000,2.000000,753.333313,220.000000,13.805559,62.794119,1,0.072000,0.829874
MP_T_Yoga_1,efficientpose,63,2.089393,ok,1,direct,0.188108,8,right_elbow,1,1,2.000000,606.400000,225.480000,2.000000,526.666687,273.333344,92.991095,62.794119,0,0.072000,0.000212
MP_T_Yoga_1,efficientpose,63,2.089393,ok,1,direct,0.188108,9,left_wrist,1,1,2.000000,774.270000,141.970000,2.000000,766.666687,193.333328,51.923038,62.794119,1,0.062000,0.028514
MP_T_Yoga_1,efficientpose,63,2.089393,ok,1,direct,0.188108,10,right_wrist,1,1,2.000000,602.930000,148.300000,2.000000,540.000000,233.333328,105.786822,62.794119,0,0.062000,0.000000
MP_T_Yoga_1,efficientpose,63,2.089393,ok,1,direct,0.188108,11,left_hip,1,1,2.000000,706.520000,416.050000,2.000000,726.666687,393.333344,30.363390,62.794119,1,0.107000,0.664688
MP_T_Yoga_1,efficientpose,63,2.089393,ok,1,direct,0.188108,12,right_hip,1,1,2.000000,666.240000,415.440000,2.000000,726.666687,406.666656,61.060266,62.794119,1,0.107000,0.191716
MP_T_Yoga_1,efficientpose,63,2.089393,ok,1,direct,0.188108,13,left_knee,1,1,2.000000,701.770000,561.310000,2.000000,713.333313,460.000000,101.967771,62.794119,0,0.087000,0.000942
MP_T_Yoga_1,efficientpose,63,2.089393,ok,1,direct,0.188108,14,right_knee,1,1,2.000000,587.340000,476.890000,2.000000,606.666687,473.333344,19.651225,62.794119,1,0.087000,0.771992
MP_T_Yoga_1,efficientpose,63,2.089393,ok,1,direct,0.188108,15,left_ankle,1,1,2.000000,685.320000,669.320000,2.000000,806.666687,193.333328,491.211085,62.794119,0,0.089000,0.000000
MP_T_Yoga_1,efficientpose,63,2.089393,ok,1,direct,0.188108,16,right_ankle,1,1,2.000000,671.160000,505.090000,2.000000,686.666687,646.666687,142.423368,62.794119,0,0.089000,0.000002
MP_T_Yoga_1,efficientpose,64,2.122557,ok,1,direct,0.203895,0,nose,1,1,2.000000,683.270000,240.870000,2.000000,660.000000,233.333328,24.460056,61.983705,1,0.026000,0.009979
MP_T_Yoga_1,efficientpose,64,2.122557,ok,1,direct,0.203895,1,left_eye,0,0,0.000000,0.000000,0.000000,2.000000,673.333313,220.000000,,,,0.025000,
MP_T_Yoga_1,efficientpose,64,2.122557,ok,1,direct,0.203895,2,right_eye,0,0,0.000000,0.000000,0.000000,2.000000,646.666687,220.000000,,,,0.025000,
MP_T_Yoga_1,efficientpose,64,2.122557,ok,1,direct,0.203895,3,left_ear,0,0,0.000000,0.000000,0.000000,2.000000,700.000000,220.000000,,,,0.035000,
MP_T_Yoga_1,efficientpose,64,2.122557,ok,1,direct,0.203895,4,right_ear,0,0,0.000000,0.000000,0.000000,2.000000,620.000000,233.333328,,,,0.035000,
MP_T_Yoga_1,efficientpose,64,2.122557,ok,1,direct,0.203895,5,left_shoulder,1,1,2.000000,730.150000,283.050000,2.000000,726.666687,246.666672,36.549693,61.983705,1,0.079000,0.328157
MP_T_Yoga_1,efficientpose,64,2.122557,ok,1,direct,0.203895,6,right_shoulder,1,1,2.000000,637.260000,285.060000,2.000000,553.333313,273.333344,84.741981,61.983705,0,0.079000,0.002504
MP_T_Yoga_1,efficientpose,64,2.122557,ok,1,direct,0.203895,7,left_elbow,1,1,2.000000,765.820000,215.280000,2.000000,753.333313,220.000000,13.348998,61.983705,1,0.072000,0.836156
MP_T_Yoga_1,efficientpose,64,2.122557,ok,1,direct,0.203895,8,right_elbow,1,1,2.000000,608.640000,222.810000,2.000000,513.333313,273.333344,107.870167,61.983705,0,0.072000,0.000008
MP_T_Yoga_1,efficientpose,64,2.122557,ok,1,direct,0.203895,9,left_wrist,1,1,2.000000,769.290000,140.160000,2.000000,766.666687,193.333328,53.238000,61.983705,1,0.062000,0.021531
MP_T_Yoga_1,efficientpose,64,2.122557,ok,1,direct,0.203895,10,right_wrist,1,1,2.000000,609.630000,146.920000,2.000000,526.666687,233.333328,119.792214,61.983705,0,0.062000,0.000000
MP_T_Yoga_1,efficientpose,64,2.122557,ok,1,direct,0.203895,11,left_hip,1,1,2.000000,706.510000,416.070000,2.000000,740.000000,406.666656,34.785097,61.983705,1,0.107000,0.576854
MP_T_Yoga_1,efficientpose,64,2.122557,ok,1,direct,0.203895,12,right_hip,1,1,2.000000,666.070000,415.480000,2.000000,740.000000,433.333344,76.055156,61.983705,0,0.107000,0.072075
MP_T_Yoga_1,efficientpose,64,2.122557,ok,1,direct,0.203895,13,left_knee,1,1,2.000000,701.660000,561.300000,2.000000,713.333313,460.000000,101.970369,61.983705,0,0.087000,0.000784
MP_T_Yoga_1,efficientpose,64,2.122557,ok,1,direct,0.203895,14,right_knee,1,1,2.000000,587.770000,477.010000,2.000000,593.333313,486.666656,11.144571,61.983705,1,0.087000,0.918126
MP_T_Yoga_1,efficientpose,64,2.122557,ok,1,direct,0.203895,15,left_ankle,1,1,2.000000,685.310000,669.300000,2.000000,806.666687,180.000000,504.124921,61.983705,0,0.089000,0.000000
MP_T_Yoga_1,efficientpose,64,2.122557,ok,1,direct,0.203895,16,right_ankle,1,1,2.000000,671.310000,505.160000,2.000000,686.666687,660.000000,155.599658,61.983705,0,0.089000,0.000000
MP_T_Yoga_1,efficientpose,65,2.155722,ok,1,direct,0.236926,0,nose,1,1,2.000000,682.980000,240.830000,2.000000,646.666687,233.333328,37.079061,61.252223,1,0.026000,0.000020
MP_T_Yoga_1,efficientpose,65,2.155722,ok,1,direct,0.236926,1,left_eye,0,0,0.000000,0.000000,0.000000,2.000000,660.000000,220.000000,,,,0.025000,
MP_T_Yoga_1,efficientpose,65,2.155722,ok,1,direct,0.236926,2,right_eye,0,0,0.000000,0.000000,0.000000,2.000000,633.333313,233.333328,,,,0.025000,
MP_T_Yoga_1,efficientpose,65,2.155722,ok,1,direct,0.236926,3,left_ear,0,0,0.000000,0.000000,0.000000,2.000000,686.666687,233.333328,,,,0.035000,
MP_T_Yoga_1,efficientpose,65,2.155722,ok,1,direct,0.236926,4,right_ear,0,0,0.000000,0.000000,0.000000,2.000000,606.666687,246.666672,,,,0.035000,
MP_T_Yoga_1,efficientpose,65,2.155722,ok,1,direct,0.236926,5,left_shoulder,1,1,2.000000,729.980000,282.830000,2.000000,713.333313,246.666672,39.810784,61.252223,1,0.079000,0.258274
MP_T_Yoga_1,efficientpose,65,2.155722,ok,1,direct,0.236926,6,right_shoulder,1,1,2.000000,637.510000,284.760000,2.000000,553.333313,273.333344,84.948709,61.252223,0,0.079000,0.002104
MP_T_Yoga_1,efficientpose,65,2.155722,ok,1,direct,0.236926,7,left_elbow,1,1,2.000000,764.870000,213.730000,2.000000,753.333313,220.000000,13.130424,61.252223,1,0.072000,0.837539
MP_T_Yoga_1,efficientpose,65,2.155722,ok,1,direct,0.236926,8,right_elbow,1,1,2.000000,610.870000,220.150000,2.000000,513.333313,286.666656,118.058760,61.252223,0,0.072000,0.000001
MP_T_Yoga_1,efficientpose,65,2.155722,ok,1,direct,0.236926,9,left_wrist,1,1,2.000000,764.300000,138.360000,2.000000,766.666687,180.000000,41.707203,61.252223,1,0.062000,0.089612
MP_T_Yoga_1,efficientpose,65,2.155722,ok,1,direct,0.236926,10,right_wrist,1,1,2.000000,616.340000,145.540000,2.000000,500.000000,300.000000,193.372405,61.252223,0,0.062000,0.000000
MP_T_Yoga_1,efficientpose,65,2.155722,ok,1,direct,0.236926,11,left_hip,1,1,2.000000,706.500000,416.090000,2.000000,726.666687,393.333344,30.406589,61.252223,1,0.107000,0.650196
MP_T_Yoga_1,efficientpose,65,2.155722,ok,1,direct,0.236926,12,right_hip,1,1,2.000000,665.900000,415.510000,2.000000,726.666687,406.666656,61.406799,61.252223,0,0.107000,0.172785
MP_T_Yoga_1,efficientpose,65,2.155722,ok,1,direct,0.236926,13,left_knee,1,1,2.000000,701.540000,561.300000,2.000000,713.333313,473.333344,88.753675,61.252223,0,0.087000,0.003896
MP_T_Yoga_1,efficientpose,65,2.155722,ok,1,direct,0.236926,14,right_knee,1,1,2.000000,588.200000,477.120000,2.000000,686.666687,486.666656,98.928394,61.252223,0,0.087000,0.001015
MP_T_Yoga_1,efficientpose,65,2.155722,ok,1,direct,0.236926,15,left_ankle,1,1,2.000000,685.290000,669.270000,2.000000,806.666687,193.333328,491.170048,61.252223,0,0.089000,0.000000
MP_T_Yoga_1,efficientpose,65,2.155722,ok,1,direct,0.236926,16,right_ankle,1,1,2.000000,671.470000,505.240000,2.000000,700.000000,660.000000,157.367781,61.252223,0,0.089000,0.000000
MP_T_Yoga_1,efficientpose,66,2.188887,ok,1,direct,0.184631,0,nose,1,1,2.000000,682.760000,241.010000,2.000000,500.000000,260.000000,183.743946,60.949903,0,0.026000,0.000000
MP_T_Yoga_1,efficientpose,66,2.188887,ok,1,direct,0.184631,1,left_eye,0,0,0.000000,0.000000,0.000000,2.000000,660.000000,220.000000,,,,0.025000,
MP_T_Yoga_1,efficientpose,66,2.188887,ok,1,direct,0.184631,2,right_eye,0,0,0.000000,0.000000,0.000000,2.000000,473.333344,260.000000,,,,0.025000,
MP_T_Yoga_1,efficientpose,66,2.188887,ok,1,direct,0.184631,3,left_ear,0,0,0.000000,0.000000,0.000000,2.000000,713.333313,220.000000,,,,0.035000,
MP_T_Yoga_1,efficientpose,66,2.188887,ok,1,direct,0.184631,4,right_ear,0,0,0.000000,0.000000,0.000000,2.000000,340.000000,286.666656,,,,0.035000,
MP_T_Yoga_1,efficientpose,66,2.188887,ok,1,direct,0.184631,5,left_shoulder,1,1,2.000000,729.940000,282.650000,2.000000,740.000000,233.333328,50.332273,60.949903,1,0.079000,0.112437
MP_T_Yoga_1,efficientpose,66,2.188887,ok,1,direct,0.184631,6,right_shoulder,1,1,2.000000,638.070000,284.720000,2.000000,513.333313,273.333344,125.255327,60.949903,0,0.079000,0.000001
MP_T_Yoga_1,efficientpose,66,2.188887,ok,1,direct,0.184631,7,left_elbow,1,1,2.000000,763.590000,213.030000,2.000000,753.333313,220.000000,12.400828,60.949903,1,0.072000,0.852395
MP_T_Yoga_1,efficientpose,66,2.188887,ok,1,direct,0.184631,8,right_elbow,1,1,2.000000,613.120000,219.630000,2.000000,513.333313,273.333344,113.320042,60.949903,0,0.072000,0.000002
MP_T_Yoga_1,efficientpose,66,2.188887,ok,1,direct,0.184631,9,left_wrist,1,1,2.000000,759.930000,138.420000,2.000000,793.333313,180.000000,53.335520,60.949903,1,0.062000,0.018609
MP_T_Yoga_1,efficientpose,66,2.188887,ok,1,direct,0.184631,10,right_wrist,1,1,2.000000,621.990000,145.290000,2.000000,500.000000,313.333344,207.653860,60.949903,0,0.062000,0.000000
MP_T_Yoga_1,efficientpose,66,2.188887,ok,1,direct,0.184631,11,left_hip,1,1,2.000000,706.490000,416.110000,2.000000,713.333313,380.000000,36.752728,60.949903,1,0.107000,0.529841
MP_T_Yoga_1,efficientpose,66,2.188887,ok,1,direct,0.184631,12,right_hip,1,1,2.000000,665.730000,415.550000,2.000000,740.000000,406.666656,74.799376,60.949903,0,0.107000,0.072010
MP_T_Yoga_1,efficientpose,66,2.188887,ok,1,direct,0.184631,13,left_knee,1,1,2.000000,701.430000,561.290000,2.000000,713.333313,460.000000,101.987023,60.949903,0,0.087000,0.000612
MP_T_Yoga_1,efficientpose,66,2.188887,ok,1,direct,0.184631,14,right_knee,1,1,2.000000,588.630000,477.240000,2.000000,700.000000,460.000000,112.696471,60.949903,0,0.087000,0.000119
MP_T_Yoga_1,efficientpose,66,2.188887,ok,1,direct,0.184631,15,left_ankle,1,1,2.000000,685.280000,669.240000,2.000000,806.666687,193.333328,491.143450,60.949903,0,0.089000,0.000000
MP_T_Yoga_1,efficientpose,66,2.188887,ok,1,direct,0.184631,16,right_ankle,1,1,2.000000,671.630000,505.320000,2.000000,700.000000,660.000000,157.260164,60.949903,0,0.089000,0.000000
MP_T_Yoga_1,efficientpose,67,2.222052,ok,1,direct,0.194590,0,nose,1,1,2.000000,682.540000,241.190000,2.000000,646.666687,233.333328,36.723587,60.643856,1,0.026000,0.000019
MP_T_Yoga_1,efficientpose,67,2.222052,ok,1,direct,0.194590,1,left_eye,0,0,0.000000,0.000000,0.000000,2.000000,660.000000,220.000000,,,,0.025000,
MP_T_Yoga_1,efficientpose,67,2.222052,ok,1,direct,0.194590,2,right_eye,0,0,0.000000,0.000000,0.000000,2.000000,460.000000,233.333328,,,,0.025000,
MP_T_Yoga_1,efficientpose,67,2.222052,ok,1,direct,0.194590,3,left_ear,0,0,0.000000,0.000000,0.000000,2.000000,713.333313,220.000000,,,,0.035000,
MP_T_Yoga_1,efficientpose,67,2.222052,ok,1,direct,0.194590,4,right_ear,0,0,0.000000,0.000000,0.000000,2.000000,353.333344,260.000000,,,,0.035000,
MP_T_Yoga_1,efficientpose,67,2.222052,ok,1,direct,0.194590,5,left_shoulder,1,1,2.000000,729.900000,282.460000,2.000000,740.000000,220.000000,63.271333,60.643856,0,0.079000,0.030552
MP_T_Yoga_1,efficientpose,67,2.222052,ok,1,direct,0.194590,6,right_shoulder,1,1,2.000000,638.630000,284.690000,2.000000,526.666687,273.333344,112.537803,60.643856,0,0.079000,0.000016
MP_T_Yoga_1,efficientpose,67,2.222052,ok,1,direct,0.194590,7,left_elbow,1,1,2.000000,762.300000,212.320000,2.000000,753.333313,220.000000,11.806095,60.643856,1,0.072000,0.863968
MP_T_Yoga_1,efficientpose,67,2.222052,ok,1,direct,0.194590,8,right_elbow,1,1,2.000000,615.370000,219.120000,2.000000,486.666656,286.666656,145.351648,60.643856,0,0.072000,0.000000
MP_T_Yoga_1,efficientpose,67,2.222052,ok,1,direct,0.194590,9,left_wrist,1,1,2.000000,755.560000,138.490000,2.000000,793.333313,180.000000,56.123999,60.643856,1,0.062000,0.011606
MP_T_Yoga_1,efficientpose,67,2.222052,ok,1,direct,0.194590,10,right_wrist,1,1,2.000000,627.650000,145.030000,2.000000,646.666687,233.333328,90.327804,60.643856,0,0.062000,0.000010
MP_T_Yoga_1,efficientpose,67,2.222052,ok,1,direct,0.194590,11,left_hip,1,1,2.000000,706.480000,416.130000,2.000000,713.333313,393.333344,23.804526,60.643856,1,0.107000,0.764022
MP_T_Yoga_1,efficientpose,67,2.222052,ok,1,direct,0.194590,12,right_hip,1,1,2.000000,665.550000,415.590000,2.000000,740.000000,406.666656,74.982855,60.643856,0,0.107000,0.069209
MP_T_Yoga_1,efficientpose,67,2.222052,ok,1,direct,0.194590,13,left_knee,1,1,2.000000,701.310000,561.280000,2.000000,713.333313,460.000000,101.991169,60.643856,0,0.087000,0.000568
MP_T_Yoga_1,efficientpose,67,2.222052,ok,1,direct,0.194590,14,right_knee,1,1,2.000000,589.060000,477.350000,2.000000,580.000000,486.666656,12.995526,60.643856,1,0.087000,0.885732
MP_T_Yoga_1,efficientpose,67,2.222052,ok,1,direct,0.194590,15,left_ankle,1,1,2.000000,685.270000,669.210000,2.000000,806.666687,180.000000,504.047200,60.643856,0,0.089000,0.000000
MP_T_Yoga_1,efficientpose,67,2.222052,ok,1,direct,0.194590,16,right_ankle,1,1,2.000000,671.790000,505.390000,2.000000,700.000000,660.000000,157.162515,60.643856,0,0.089000,0.000000
MP_T_Yoga_1,efficientpose,68,2.255217,ok,1,direct,0.204680,0,nose,1,1,2.000000,682.320000,241.370000,2.000000,660.000000,220.000000,30.900798,60.339267,1,0.026000,0.000427
MP_T_Yoga_1,efficientpose,68,2.255217,ok,1,direct,0.204680,1,left_eye,0,0,0.000000,0.000000,0.000000,2.000000,673.333313,220.000000,,,,0.025000,
MP_T_Yoga_1,efficientpose,68,2.255217,ok,1,direct,0.204680,2,right_eye,0,0,0.000000,0.000000,0.000000,2.000000,633.333313,220.000000,,,,0.025000,
MP_T_Yoga_1,efficientpose,68,2.255217,ok,1,direct,0.204680,3,left_ear,0,0,0.000000,0.000000,0.000000,2.000000,726.666687,220.000000,,,,0.035000,
MP_T_Yoga_1,efficientpose,68,2.255217,ok,1,direct,0.204680,4,right_ear,0,0,0.000000,0.000000,0.000000,2.000000,606.666687,233.333328,,,,0.035000,
MP_T_Yoga_1,efficientpose,68,2.255217,ok,1,direct,0.204680,5,left_shoulder,1,1,2.000000,729.870000,282.270000,2.000000,740.000000,206.666672,76.278963,60.339267,0,0.079000,0.005968
MP_T_Yoga_1,efficientpose,68,2.255217,ok,1,direct,0.204680,6,right_shoulder,1,1,2.000000,639.190000,284.650000,2.000000,513.333313,286.666656,125.872843,60.339267,0,0.079000,0.000001
MP_T_Yoga_1,efficientpose,68,2.255217,ok,1,direct,0.204680,7,left_elbow,1,1,2.000000,761.020000,211.610000,2.000000,753.333313,220.000000,11.378807,60.339267,1,0.072000,0.871795
MP_T_Yoga_1,efficientpose,68,2.255217,ok,1,direct,0.204680,8,right_elbow,1,1,2.000000,617.620000,218.610000,2.000000,500.000000,286.666656,135.890297,60.339267,0,0.072000,0.000000
MP_T_Yoga_1,efficientpose,68,2.255217,ok,1,direct,0.204680,9,left_wrist,1,1,2.000000,751.190000,138.550000,2.000000,766.666687,193.333328,56.927506,60.339267,1,0.062000,0.009743
MP_T_Yoga_1,efficientpose,68,2.255217,ok,1,direct,0.204680,10,right_wrist,1,1,2.000000,633.300000,144.770000,2.000000,646.666687,233.333328,89.566352,60.339267,0,0.062000,0.000011
MP_T_Yoga_1,efficientpose,68,2.255217,ok,1,direct,0.204680,11,left_hip,1,1,2.000000,706.470000,416.140000,2.000000,700.000000,380.000000,36.714582,60.339267,1,0.107000,0.523743
MP_T_Yoga_1,efficientpose,68,2.255217,ok,1,direct,0.204680,12,right_hip,1,1,2.000000,665.380000,415.630000,2.000000,726.666687,406.666656,61.938676,60.339267,0,0.107000,0.158704
MP_T_Yoga_1,efficientpose,68,2.255217,ok,1,direct,0.204680,13,left_knee,1,1,2.000000,701.200000,561.270000,2.000000,673.333313,473.333344,92.246451,60.339267,0,0.087000,0.002079
MP_T_Yoga_1,efficientpose,68,2.255217,ok,1,direct,0.204680,14,right_knee,1,1,2.000000,589.490000,477.460000,2.000000,633.333313,486.666656,44.799538,60.339267,1,0.087000,0.233029
MP_T_Yoga_1,efficientpose,68,2.255217,ok,1,direct,0.204680,15,left_ankle,1,1,2.000000,685.260000,669.190000,2.000000,806.666687,180.000000,504.030197,60.339267,0,0.089000,0.000000
MP_T_Yoga_1,efficientpose,68,2.255217,ok,1,direct,0.204680,16,right_ankle,1,1,2.000000,671.950000,505.470000,2.000000,686.666687,660.000000,155.229191,60.339267,0,0.089000,0.000000
MP_T_Yoga_1,efficientpose,69,2.288382,ok,1,direct,0.191370,0,nose,1,1,2.000000,682.100000,241.550000,2.000000,660.000000,233.333328,23.578034,60.030891,1,0.026000,0.010420
MP_T_Yoga_1,efficientpose,69,2.288382,ok,1,direct,0.191370,1,left_eye,0,0,0.000000,0.000000,0.000000,2.000000,660.000000,220.000000,,,,0.025000,
MP_T_Yoga_1,efficientpose,69,2.288382,ok,1,direct,0.191370,2,right_eye,0,0,0.000000,0.000000,0.000000,2.000000,473.333344,246.666672,,,,0.025000,
MP_T_Yoga_1,efficientpose,69,2.288382,ok,1,direct,0.191370,3,left_ear,0,0,0.000000,0.000000,0.000000,2.000000,726.666687,220.000000,,,,0.035000,
MP_T_Yoga_1,efficientpose,69,2.288382,ok,1,direct,0.191370,4,right_ear,0,0,0.000000,0.000000,0.000000,2.000000,380.000000,300.000000,,,,0.035000,
MP_T_Yoga_1,efficientpose,69,2.288382,ok,1,direct,0.191370,5,left_shoulder,1,1,2.000000,729.830000,282.090000,2.000000,740.000000,220.000000,62.917382,60.030891,0,0.079000,0.029593
MP_T_Yoga_1,efficientpose,69,2.288382,ok,1,direct,0.191370,6,right_shoulder,1,1,2.000000,639.740000,284.610000,2.000000,513.333313,286.666656,126.423417,60.030891,0,0.079000,0.000001
MP_T_Yoga_1,efficientpose,69,2.288382,ok,1,direct,0.191370,7,left_elbow,1,1,2.000000,759.730000,210.910000,2.000000,740.000000,220.000000,21.723282,60.030891,1,0.072000,0.603383
MP_T_Yoga_1,efficientpose,69,2.288382,ok,1,direct,0.191370,8,right_elbow,1,1,2.000000,619.870000,218.090000,2.000000,526.666687,260.000000,102.192493,60.030891,0,0.072000,0.000014
MP_T_Yoga_1,efficientpose,69,2.288382,ok,1,direct,0.191370,9,left_wrist,1,1,2.000000,746.830000,138.610000,2.000000,766.666687,206.666672,70.888678,60.030891,0,0.062000,0.000706
MP_T_Yoga_1,efficientpose,69,2.288382,ok,1,direct,0.191370,10,right_wrist,1,1,2.000000,638.950000,144.520000,2.000000,540.000000,233.333328,132.962061,60.030891,0,0.062000,0.000000
MP_T_Yoga_1,efficientpose,69,2.288382,ok,1,direct,0.191370,11,left_hip,1,1,2.000000,706.460000,416.160000,2.000000,713.333313,393.333344,23.839016,60.030891,1,0.107000,0.759208
MP_T_Yoga_1,efficientpose,69,2.288382,ok,1,direct,0.191370,12,right_hip,1,1,2.000000,665.210000,415.670000,2.000000,726.666687,406.666656,62.112676,60.030891,0,0.107000,0.154103
MP_T_Yoga_1,efficientpose,69,2.288382,ok,1,direct,0.191370,13,left_knee,1,1,2.000000,701.080000,561.270000,2.000000,673.333313,473.333344,92.210272,60.030891,0,0.087000,0.001961
MP_T_Yoga_1,efficientpose,69,2.288382,ok,1,direct,0.191370,14,right_knee,1,1,2.000000,589.920000,477.580000,2.000000,660.000000,486.666656,70.666638,60.030891,0,0.087000,0.025691
MP_T_Yoga_1,efficientpose,69,2.288382,ok,1,direct,0.191370,15,left_ankle,1,1,2.000000,685.250000,669.160000,2.000000,700.000000,646.666687,26.898171,60.030891,1,0.089000,0.602343
MP_T_Yoga_1,efficientpose,69,2.288382,ok,1,direct,0.191370,16,right_ankle,1,1,2.000000,672.110000,505.540000,2.000000,700.000000,660.000000,156.957777,60.030891,0,0.089000,0.000000
MP_T_Yoga_1,efficientpose,70,2.321547,ok,1,direct,0.295224,0,nose,1,1,2.000000,681.880000,241.730000,2.000000,686.666687,233.333328,9.665220,59.722239,1,0.026000,0.460759
MP_T_Yoga_1,efficientpose,70,2.321547,ok,1,direct,0.295224,1,left_eye,0,0,0.000000,0.000000,0.000000,2.000000,700.000000,220.000000,,,,0.025000,
MP_T_Yoga_1,efficientpose,70,2.321547,ok,1,direct,0.295224,2,right_eye,0,0,0.000000,0.000000,0.000000,2.000000,673.333313,220.000000,,,,0.025000,
MP_T_Yoga_1,efficientpose,70,2.321547,ok,1,direct,0.295224,3,left_ear,0,0,0.000000,0.000000,0.000000,2.000000,726.666687,220.000000,,,,0.035000,
MP_T_Yoga_1,efficientpose,70,2.321547,ok,1,direct,0.295224,4,right_ear,0,0,0.000000,0.000000,0.000000,2.000000,633.333313,233.333328,,,,0.035000,
MP_T_Yoga_1,efficientpose,70,2.321547,ok,1,direct,0.295224,5,left_shoulder,1,1,2.000000,729.790000,281.900000,2.000000,726.666687,220.000000,61.978747,59.722239,0,0.079000,0.031703
MP_T_Yoga_1,efficientpose,70,2.321547,ok,1,direct,0.295224,6,right_shoulder,1,1,2.000000,640.300000,284.570000,2.000000,580.000000,246.666672,71.223257,59.722239,0,0.079000,0.010486
MP_T_Yoga_1,efficientpose,70,2.321547,ok,1,direct,0.295224,7,left_elbow,1,1,2.000000,758.450000,210.200000,2.000000,740.000000,206.666672,18.785284,59.722239,1,0.072000,0.682696
MP_T_Yoga_1,efficientpose,70,2.321547,ok,1,direct,0.295224,8,right_elbow,1,1,2.000000,622.110000,217.580000,2.000000,553.333313,246.666672,74.674408,59.722239,0,0.072000,0.002402
MP_T_Yoga_1,efficientpose,70,2.321547,ok,1,direct,0.295224,9,left_wrist,1,1,2.000000,742.460000,138.680000,2.000000,820.000000,180.000000,87.862358,59.722239,0,0.062000,0.000013
MP_T_Yoga_1,efficientpose,70,2.321547,ok,1,direct,0.295224,10,right_wrist,1,1,2.000000,644.610000,144.260000,2.000000,553.333313,220.000000,118.608521,59.722239,0,0.062000,0.000000
MP_T_Yoga_1,efficientpose,70,2.321547,ok,1,direct,0.295224,11,left_hip,1,1,2.000000,706.450000,416.180000,2.000000,713.333313,393.333344,23.861050,59.722239,1,0.107000,0.756654
MP_T_Yoga_1,efficientpose,70,2.321547,ok,1,direct,0.295224,12,right_hip,1,1,2.000000,665.040000,415.710000,2.000000,713.333313,393.333344,53.225547,59.722239,1,0.107000,0.249701
MP_T_Yoga_1,efficientpose,70,2.321547,ok,1,direct,0.295224,13,left_knee,1,1,2.000000,700.970000,561.260000,2.000000,686.666687,473.333344,89.082443,59.722239,0,0.087000,0.002798
MP_T_Yoga_1,efficientpose,70,2.321547,ok,1,direct,0.295224,14,right_knee,1,1,2.000000,590.350000,477.690000,2.000000,646.666687,486.666656,57.027621,59.722239,1,0.087000,0.089879
MP_T_Yoga_1,efficientpose,70,2.321547,ok,1,direct,0.295224,15,left_ankle,1,1,2.000000,685.240000,669.130000,2.000000,700.000000,633.333313,38.720284,59.722239,1,0.089000,0.345992
MP_T_Yoga_1,efficientpose,70,2.321547,ok,1,direct,0.295224,16,right_ankle,1,1,2.000000,672.270000,505.620000,2.000000,686.666687,660.000000,155.049827,59.722239,0,0.089000,0.000000
MP_T_Yoga_1,efficientpose,71,2.354712,ok,1,direct,0.339735,0,nose,1,1,2.000000,682.220000,241.750000,2.000000,673.333313,233.333328,12.239835,59.538945,1,0.026000,0.286404
MP_T_Yoga_1,efficientpose,71,2.354712,ok,1,direct,0.339735,1,left_eye,0,0,0.000000,0.000000,0.000000,2.000000,686.666687,220.000000,,,,0.025000,
MP_T_Yoga_1,efficientpose,71,2.354712,ok,1,direct,0.339735,2,right_eye,0,0,0.000000,0.000000,0.000000,2.000000,673.333313,220.000000,,,,0.025000,
MP_T_Yoga_1,efficientpose,71,2.354712,ok,1,direct,0.339735,3,left_ear,0,0,0.000000,0.000000,0.000000,2.000000,726.666687,233.333328,,,,0.035000,
MP_T_Yoga_1,efficientpose,71,2.354712,ok,1,direct,0.339735,4,right_ear,0,0,0.000000,0.000000,0.000000,2.000000,633.333313,233.333328,,,,0.035000,
MP_T_Yoga_1,efficientpose,71,2.354712,ok,1,direct,0.339735,5,left_shoulder,1,1,2.000000,729.750000,281.720000,2.000000,726.666687,246.666672,35.188672,59.538945,1,0.079000,0.326481
MP_T_Yoga_1,efficientpose,71,2.354712,ok,1,direct,0.339735,6,right_shoulder,1,1,2.000000,640.860000,284.540000,2.000000,580.000000,260.000000,65.621271,59.538945,0,0.079000,0.020388
MP_T_Yoga_1,efficientpose,71,2.354712,ok,1,direct,0.339735,7,left_elbow,1,1,2.000000,757.420000,210.140000,2.000000,753.333313,206.666672,5.363303,59.538945,1,0.072000,0.969179
MP_T_Yoga_1,efficientpose,71,2.354712,ok,1,direct,0.339735,8,right_elbow,1,1,2.000000,623.110000,217.410000,2.000000,553.333313,246.666672,75.662004,59.538945,0,0.072000,0.001969
MP_T_Yoga_1,efficientpose,71,2.354712,ok,1,direct,0.339735,9,left_wrist,1,1,2.000000,738.410000,139.190000,2.000000,820.000000,193.333328,97.920519,59.538945,0,0.062000,0.000001
MP_T_Yoga_1,efficientpose,71,2.354712,ok,1,direct,0.339735,10,right_wrist,1,1,2.000000,648.100000,144.560000,2.000000,540.000000,206.666672,124.670962,59.538945,0,0.062000,0.000000
MP_T_Yoga_1,efficientpose,71,2.354712,ok,1,direct,0.339735,11,left_hip,1,1,2.000000,706.440000,416.200000,2.000000,713.333313,393.333344,23.883085,59.538945,1,0.107000,0.754963
MP_T_Yoga_1,efficientpose,71,2.354712,ok,1,direct,0.339735,12,right_hip,1,1,2.000000,664.860000,415.750000,2.000000,713.333313,406.666656,49.317027,59.538945,1,0.107000,0.301633
MP_T_Yoga_1,efficientpose,71,2.354712,ok,1,direct,0.339735,13,left_knee,1,1,2.000000,700.850000,561.250000,2.000000,686.666687,486.666656,75.919968,59.538945,0,0.087000,0.013618
MP_T_Yoga_1,efficientpose,71,2.354712,ok,1,direct,0.339735,14,right_knee,1,1,2.000000,590.180000,478.070000,2.000000,633.333313,486.666656,44.001260,59.538945,1,0.087000,0.236176
MP_T_Yoga_1,efficientpose,71,2.354712,ok,1,direct,0.339735,15,left_ankle,1,1,2.000000,685.230000,669.100000,2.000000,700.000000,646.666687,26.859010,59.538945,1,0.089000,0.598194
MP_T_Yoga_1,efficientpose,71,2.354712,ok,1,direct,0.339735,16,right_ankle,1,1,2.000000,672.430000,505.700000,2.000000,673.333313,660.000000,154.302644,59.538945,0,0.089000,0.000000
MP_T_Yoga_1,efficientpose,72,2.387877,ok,1,direct,0.389844,0,nose,1,1,2.000000,682.560000,241.770000,2.000000,673.333313,233.333328,12.502367,59.356621,1,0.026000,0.269122
MP_T_Yoga_1,efficientpose,72,2.387877,ok,1,direct,0.389844,1,left_eye,0,0,0.000000,0.000000,0.000000,2.000000,686.666687,220.000000,,,,0.025000,
MP_T_Yoga_1,efficientpose,72,2.387877,ok,1,direct,0.389844,2,right_eye,0,0,0.000000,0.000000,0.000000,2.000000,673.333313,220.000000,,,,0.025000,
MP_T_Yoga_1,efficientpose,72,2.387877,ok,1,direct,0.389844,3,left_ear,0,0,0.000000,0.000000,0.000000,2.000000,726.666687,220.000000,,,,0.035000,
MP_T_Yoga_1,efficientpose,72,2.387877,ok,1,direct,0.389844,4,right_ear,0,0,0.000000,0.000000,0.000000,2.000000,633.333313,220.000000,,,,0.035000,
MP_T_Yoga_1,efficientpose,72,2.387877,ok,1,direct,0.389844,5,left_shoulder,1,1,2.000000,729.720000,281.530000,2.000000,726.666687,246.666672,34.996777,59.356621,1,0.079000,0.328236
MP_T_Yoga_1,efficientpose,72,2.387877,ok,1,direct,0.389844,6,right_shoulder,1,1,2.000000,641.420000,284.500000,2.000000,593.333313,246.666672,61.185703,59.356621,0,0.079000,0.033202
MP_T_Yoga_1,efficientpose,72,2.387877,ok,1,direct,0.389844,7,left_elbow,1,1,2.000000,756.390000,210.070000,2.000000,740.000000,206.666672,16.739616,59.356621,1,0.072000,0.735765
MP_T_Yoga_1,efficientpose,72,2.387877,ok,1,direct,0.389844,8,right_elbow,1,1,2.000000,624.110000,217.250000,2.000000,553.333313,260.000000,82.685561,59.356621,0,0.072000,0.000561
MP_T_Yoga_1,efficientpose,72,2.387877,ok,1,direct,0.389844,9,left_wrist,1,1,2.000000,734.360000,139.710000,2.000000,766.666687,220.000000,86.545977,59.356621,0,0.062000,0.000016
MP_T_Yoga_1,efficientpose,72,2.387877,ok,1,direct,0.389844,10,right_wrist,1,1,2.000000,651.590000,144.860000,2.000000,566.666687,220.000000,113.393072,59.356621,0,0.062000,0.000000
MP_T_Yoga_1,efficientpose,72,2.387877,ok,1,direct,0.389844,11,left_hip,1,1,2.000000,706.430000,416.220000,2.000000,713.333313,393.333344,23.905120,59.356621,1,0.107000,0.753265
MP_T_Yoga_1,efficientpose,72,2.387877,ok,1,direct,0.389844,12,right_hip,1,1,2.000000,664.690000,415.780000,2.000000,713.333313,406.666656,49.489645,59.356621,1,0.107000,0.296896
MP_T_Yoga_1,efficientpose,72,2.387877,ok,1,direct,0.389844,13,left_knee,1,1,2.000000,700.740000,561.250000,2.000000,700.000000,486.666656,74.587014,59.356621,0,0.087000,0.015416
MP_T_Yoga_1,efficientpose,72,2.387877,ok,1,direct,0.389844,14,right_knee,1,1,2.000000,590.000000,478.450000,2.000000,646.666687,473.333344,56.897220,59.356621,1,0.087000,0.088220
MP_T_Yoga_1,efficientpose,72,2.387877,ok,1,direct,0.389844,15,left_ankle,1,1,2.000000,685.220000,669.070000,2.000000,713.333313,633.333313,45.469431,59.356621,1,0.089000,0.227258
MP_T_Yoga_1,efficientpose,72,2.387877,ok,1,direct,0.389844,16,right_ankle,1,1,2.000000,672.580000,505.770000,2.000000,673.333313,660.000000,154.231840,59.356621,0,0.089000,0.000000
MP_T_Yoga_1,efficientpose,73,2.421042,ok,1,direct,0.451667,0,nose,1,1,2.000000,682.900000,241.780000,2.000000,673.333313,233.333328,12.761966,59.176957,1,0.026000,0.252591
MP_T_Yoga_1,efficientpose,73,2.421042,ok,1,direct,0.451667,1,left_eye,0,0,0.000000,0.000000,0.000000,2.000000,686.666687,220.000000,,,,0.025000,
MP_T_Yoga_1,efficientpose,73,2.421042,ok,1,direct,0.451667,2,right_eye,0,0,0.000000,0.000000,0.000000,2.000000,660.000000,220.000000,,,,0.025000,
MP_T_Yoga_1,efficientpose,73,2.421042,ok,1,direct,0.451667,3,left_ear,0,0,0.000000,0.000000,0.000000,2.000000,713.333313,233.333328,,,,0.035000,
MP_T_Yoga_1,efficientpose,73,2.421042,ok,1,direct,0.451667,4,right_ear,0,0,0.000000,0.000000,0.000000,2.000000,633.333313,233.333328,,,,0.035000,
MP_T_Yoga_1,efficientpose,73,2.421042,ok,1,direct,0.451667,5,left_shoulder,1,1,2.000000,729.680000,281.340000,2.000000,726.666687,246.666672,34.804019,59.176957,1,0.079000,0.330059
MP_T_Yoga_1,efficientpose,73,2.421042,ok,1,direct,0.451667,6,right_shoulder,1,1,2.000000,641.970000,284.460000,2.000000,606.666687,260.000000,42.948987,59.176957,1,0.079000,0.184886
MP_T_Yoga_1,efficientpose,73,2.421042,ok,1,direct,0.451667,7,left_elbow,1,1,2.000000,755.370000,210.010000,2.000000,753.333313,193.333328,16.800580,59.176957,1,0.072000,0.732741
MP_T_Yoga_1,efficientpose,73,2.421042,ok,1,direct,0.451667,8,right_elbow,1,1,2.000000,625.100000,217.080000,2.000000,553.333313,246.666672,77.626210,59.176957,0,0.072000,0.001309
MP_T_Yoga_1,efficientpose,73,2.421042,ok,1,direct,0.451667,9,left_wrist,1,1,2.000000,730.320000,140.220000,2.000000,753.333313,206.666672,70.319078,59.176957,0,0.062000,0.000645
MP_T_Yoga_1,efficientpose,73,2.421042,ok,1,direct,0.451667,10,right_wrist,1,1,2.000000,655.090000,145.150000,2.000000,540.000000,220.000000,137.288858,59.176957,0,0.062000,0.000000
MP_T_Yoga_1,efficientpose,73,2.421042,ok,1,direct,0.451667,11,left_hip,1,1,2.000000,706.420000,416.240000,2.000000,726.666687,406.666656,22.395920,59.176957,1,0.107000,0.778642
MP_T_Yoga_1,efficientpose,73,2.421042,ok,1,direct,0.451667,12,right_hip,1,1,2.000000,664.520000,415.820000,2.000000,713.333313,406.666656,49.664104,59.176957,1,0.107000,0.292179
MP_T_Yoga_1,efficientpose,73,2.421042,ok,1,direct,0.451667,13,left_knee,1,1,2.000000,700.620000,561.240000,2.000000,700.000000,486.666656,74.575921,59.176957,0,0.087000,0.015049
MP_T_Yoga_1,efficientpose,73,2.421042,ok,1,direct,0.451667,14,right_knee,1,1,2.000000,589.820000,478.820000,2.000000,633.333313,473.333344,43.857859,59.176957,1,0.087000,0.234247
MP_T_Yoga_1,efficientpose,73,2.421042,ok,1,direct,0.451667,15,left_ankle,1,1,2.000000,685.210000,669.050000,2.000000,713.333313,633.333313,45.459900,59.176957,1,0.089000,0.225361
MP_T_Yoga_1,efficientpose,73,2.421042,ok,1,direct,0.451667,16,right_ankle,1,1,2.000000,672.740000,505.850000,2.000000,646.666687,646.666687,143.210185,59.176957,0,0.089000,0.000000
MP_T_Yoga_1,efficientpose,74,2.454207,ok,1,direct,0.366475,0,nose,1,1,2.000000,683.240000,241.800000,2.000000,673.333313,233.333328,13.031768,58.992908,1,0.026000,0.236042
MP_T_Yoga_1,efficientpose,74,2.454207,ok,1,direct,0.366475,1,left_eye,0,0,0.000000,0.000000,0.000000,2.000000,686.666687,206.666672,,,,0.025000,
MP_T_Yoga_1,efficientpose,74,2.454207,ok,1,direct,0.366475,2,right_eye,0,0,0.000000,0.000000,0.000000,2.000000,660.000000,220.000000,,,,0.025000,
MP_T_Yoga_1,efficientpose,74,2.454207,ok,1,direct,0.366475,3,left_ear,0,0,0.000000,0.000000,0.000000,2.000000,713.333313,220.000000,,,,0.035000,
MP_T_Yoga_1,efficientpose,74,2.454207,ok,1,direct,0.366475,4,right_ear,0,0,0.000000,0.000000,0.000000,2.000000,633.333313,233.333328,,,,0.035000,
MP_T_Yoga_1,efficientpose,74,2.454207,ok,1,direct,0.366475,5,left_shoulder,1,1,2.000000,729.640000,281.160000,2.000000,726.666687,246.666672,34.621240,58.992908,1,0.079000,0.331633
MP_T_Yoga_1,efficientpose,74,2.454207,ok,1,direct,0.366475,6,right_shoulder,1,1,2.000000,642.530000,284.430000,2.000000,606.666687,260.000000,43.393572,58.992908,1,0.079000,0.176592
MP_T_Yoga_1,efficientpose,74,2.454207,ok,1,direct,0.366475,7,left_elbow,1,1,2.000000,754.340000,209.940000,2.000000,740.000000,206.666672,14.708850,58.992908,1,0.072000,0.786753
MP_T_Yoga_1,efficientpose,74,2.454207,ok,1,direct,0.366475,8,right_elbow,1,1,2.000000,626.100000,216.910000,2.000000,553.333313,260.000000,84.567954,58.992908,0,0.072000,0.000360
MP_T_Yoga_1,efficientpose,74,2.454207,ok,1,direct,0.366475,9,left_wrist,1,1,2.000000,726.270000,140.730000,2.000000,726.666687,206.666672,65.937865,58.992908,0,0.062000,0.001503
MP_T_Yoga_1,efficientpose,74,2.454207,ok,1,direct,0.366475,10,right_wrist,1,1,2.000000,658.580000,145.450000,2.000000,540.000000,220.000000,140.067551,58.992908,0,0.062000,0.000000
MP_T_Yoga_1,efficientpose,74,2.454207,ok,1,direct,0.366475,11,left_hip,1,1,2.000000,706.420000,416.260000,2.000000,726.666687,393.333344,30.586924,58.992908,1,0.107000,0.625248
MP_T_Yoga_1,efficientpose,74,2.454207,ok,1,direct,0.366475,12,right_hip,1,1,2.000000,664.340000,415.860000,2.000000,713.333313,406.666656,49.848393,58.992908,1,0.107000,0.287284
MP_T_Yoga_1,efficientpose,74,2.454207,ok,1,direct,0.366475,13,left_knee,1,1,2.000000,700.510000,561.230000,2.000000,700.000000,486.666656,74.565088,58.992908,0,0.087000,0.014677
MP_T_Yoga_1,efficientpose,74,2.454207,ok,1,direct,0.366475,14,right_knee,1,1,2.000000,589.650000,479.200000,2.000000,646.666687,473.333344,57.317713,58.992908,1,0.087000,0.082544
MP_T_Yoga_1,efficientpose,74,2.454207,ok,1,direct,0.366475,15,left_ankle,1,1,2.000000,685.190000,669.020000,2.000000,700.000000,633.333313,38.637750,58.992908,1,0.089000,0.338540
MP_T_Yoga_1,efficientpose,74,2.454207,ok,1,direct,0.366475,16,right_ankle,1,1,2.000000,672.900000,505.920000,2.000000,660.000000,646.666687,141.336619,58.992908,0,0.089000,0.000001
MP_T_Yoga_1,efficientpose,75,2.487372,ok,1,direct,0.402292,0,nose,1,1,2.000000,683.580000,241.820000,2.000000,660.000000,220.000000,32.126761,58.809836,1,0.026000,0.000146
MP_T_Yoga_1,efficientpose,75,2.487372,ok,1,direct,0.402292,1,left_eye,0,0,0.000000,0.000000,0.000000,2.000000,686.666687,206.666672,,,,0.025000,
MP_T_Yoga_1,efficientpose,75,2.487372,ok,1,direct,0.402292,2,right_eye,0,0,0.000000,0.000000,0.000000,2.000000,660.000000,206.666672,,,,0.025000,
MP_T_Yoga_1,efficientpose,75,2.487372,ok,1,direct,0.402292,3,left_ear,0,0,0.000000,0.000000,0.000000,2.000000,713.333313,220.000000,,,,0.035000,
MP_T_Yoga_1,efficientpose,75,2.487372,ok,1,direct,0.402292,4,right_ear,0,0,0.000000,0.000000,0.000000,2.000000,633.333313,220.000000,,,,0.035000,
MP_T_Yoga_1,efficientpose,75,2.487372,ok,1,direct,0.402292,5,left_shoulder,1,1,2.000000,729.610000,280.970000,2.000000,726.666687,246.666672,34.429369,58.809836,1,0.079000,0.333426
MP_T_Yoga_1,efficientpose,75,2.487372,ok,1,direct,0.402292,6,right_shoulder,1,1,2.000000,643.090000,284.390000,2.000000,620.000000,246.666672,44.228923,58.809836,1,0.079000,0.163238
MP_T_Yoga_1,efficientpose,75,2.487372,ok,1,direct,0.402292,7,left_elbow,1,1,2.000000,753.310000,209.880000,2.000000,753.333313,206.666672,3.213413,58.809836,1,0.072000,0.988548
MP_T_Yoga_1,efficientpose,75,2.487372,ok,1,direct,0.402292,8,right_elbow,1,1,2.000000,627.090000,216.750000,2.000000,553.333313,260.000000,85.502113,58.809836,0,0.072000,0.000287
MP_T_Yoga_1,efficientpose,75,2.487372,ok,1,direct,0.402292,9,left_wrist,1,1,2.000000,722.220000,141.250000,2.000000,726.666687,206.666672,65.567629,58.809836,0,0.062000,0.001553
MP_T_Yoga_1,efficientpose,75,2.487372,ok,1,direct,0.402292,10,right_wrist,1,1,2.000000,662.070000,145.750000,2.000000,526.666687,233.333328,161.260338,58.809836,0,0.062000,0.000000
MP_T_Yoga_1,efficientpose,75,2.487372,ok,1,direct,0.402292,11,left_hip,1,1,2.000000,706.410000,416.280000,2.000000,726.666687,406.666656,22.422082,58.809836,1,0.107000,0.775746
MP_T_Yoga_1,efficientpose,75,2.487372,ok,1,direct,0.402292,12,right_hip,1,1,2.000000,664.170000,415.900000,2.000000,700.000000,406.666656,37.000588,58.809836,1,0.107000,0.500834
MP_T_Yoga_1,efficientpose,75,2.487372,ok,1,direct,0.402292,13,left_knee,1,1,2.000000,700.390000,561.220000,2.000000,700.000000,486.666656,74.554364,58.809836,0,0.087000,0.014313
MP_T_Yoga_1,efficientpose,75,2.487372,ok,1,direct,0.402292,14,right_knee,1,1,2.000000,589.470000,479.570000,2.000000,646.666687,473.333344,57.535701,58.809836,1,0.087000,0.079731
MP_T_Yoga_1,efficientpose,75,2.487372,ok,1,direct,0.402292,15,left_ankle,1,1,2.000000,685.180000,668.990000,2.000000,713.333313,633.333313,45.431359,58.809836,1,0.089000,0.221614
MP_T_Yoga_1,efficientpose,75,2.487372,ok,1,direct,0.402292,16,right_ankle,1,1,2.000000,673.060000,506.000000,2.000000,673.333313,660.000000,154.000243,58.809836,0,0.089000,0.000000
MP_T_Yoga_1,efficientpose,76,2.520537,ok,1,direct,0.402503,0,nose,1,1,2.000000,683.920000,241.840000,2.000000,660.000000,233.333328,25.387593,58.585381,1,0.026000,0.003865
MP_T_Yoga_1,efficientpose,76,2.520537,ok,1,direct,0.402503,1,left_eye,0,0,0.000000,0.000000,0.000000,2.000000,673.333313,220.000000,,,,0.025000,
MP_T_Yoga_1,efficientpose,76,2.520537,ok,1,direct,0.402503,2,right_eye,0,0,0.000000,0.000000,0.000000,2.000000,646.666687,220.000000,,,,0.025000,
MP_T_Yoga_1,efficientpose,76,2.520537,ok,1,direct,0.402503,3,left_ear,0,0,0.000000,0.000000,0.000000,2.000000,713.333313,220.000000,,,,0.035000,
MP_T_Yoga_1,efficientpose,76,2.520537,ok,1,direct,0.402503,4,right_ear,0,0,0.000000,0.000000,0.000000,2.000000,633.333313,233.333328,,,,0.035000,
MP_T_Yoga_1,efficientpose,76,2.520537,ok,1,direct,0.402503,5,left_shoulder,1,1,2.000000,729.570000,280.790000,2.000000,726.666687,246.666672,34.246617,58.585381,1,0.079000,0.334524
MP_T_Yoga_1,efficientpose,76,2.520537,ok,1,direct,0.402503,6,right_shoulder,1,1,2.000000,642.900000,284.510000,2.000000,606.666687,260.000000,43.744635,58.585381,1,0.079000,0.167515
MP_T_Yoga_1,efficientpose,76,2.520537,ok,1,direct,0.402503,7,left_elbow,1,1,2.000000,752.370000,209.600000,2.000000,740.000000,206.666672,12.713037,58.585381,1,0.072000,0.833876
MP_T_Yoga_1,efficientpose,76,2.520537,ok,1,direct,0.402503,8,right_elbow,1,1,2.000000,628.040000,216.750000,2.000000,540.000000,260.000000,98.089776,58.585381,0,0.072000,0.000020
MP_T_Yoga_1,efficientpose,76,2.520537,ok,1,direct,0.402503,9,left_wrist,1,1,2.000000,719.730000,142.800000,2.000000,726.666687,206.666672,64.242271,58.585381,0,0.062000,0.001919
MP_T_Yoga_1,efficientpose,76,2.520537,ok,1,direct,0.402503,10,right_wrist,1,1,2.000000,664.220000,146.640000,2.000000,526.666687,233.333328,162.593503,58.585381,0,0.062000,0.000000
MP_T_Yoga_1,efficientpose,76,2.520537,ok,1,direct,0.402503,11,left_hip,1,1,2.000000,706.400000,416.300000,2.000000,726.666687,406.666656,22.439695,58.585381,1,0.107000,0.773924
MP_T_Yoga_1,efficientpose,76,2.520537,ok,1,direct,0.402503,12,right_hip,1,1,2.000000,664.000000,415.940000,2.000000,700.000000,420.000000,36.228216,58.585381,1,0.107000,0.512732
MP_T_Yoga_1,efficientpose,76,2.520537,ok,1,direct,0.402503,13,left_knee,1,1,2.000000,700.280000,561.220000,2.000000,700.000000,500.000000,61.220640,58.585381,0,0.087000,0.055831
MP_T_Yoga_1,efficientpose,76,2.520537,ok,1,direct,0.402503,14,right_knee,1,1,2.000000,589.290000,479.950000,2.000000,646.666687,486.666656,57.768484,58.585381,1,0.087000,0.076598
MP_T_Yoga_1,efficientpose,76,2.520537,ok,1,direct,0.402503,15,left_ankle,1,1,2.000000,685.170000,668.960000,2.000000,713.333313,633.333313,45.414018,58.585381,1,0.089000,0.219319
MP_T_Yoga_1,efficientpose,76,2.520537,ok,1,direct,0.402503,16,right_ankle,1,1,2.000000,673.220000,506.080000,2.000000,660.000000,646.666687,141.206887,58.585381,0,0.089000,0.000000
MP_T_Yoga_1,efficientpose,77,2.553702,ok,1,direct,0.497192,0,nose,1,1,2.000000,684.260000,241.860000,2.000000,660.000000,233.333328,25.714815,58.357291,1,0.026000,0.003200
MP_T_Yoga_1,efficientpose,77,2.553702,ok,1,direct,0.497192,1,left_eye,0,0,0.000000,0.000000,0.000000,2.000000,673.333313,220.000000,,,,0.025000,
MP_T_Yoga_1,efficientpose,77,2.553702,ok,1,direct,0.497192,2,right_eye,0,0,0.000000,0.000000,0.000000,2.000000,660.000000,220.000000,,,,0.025000,
MP_T_Yoga_1,efficientpose,77,2.553702,ok,1,direct,0.497192,3,left_ear,0,0,0.000000,0.000000,0.000000,2.000000,700.000000,220.000000,,,,0.035000,
MP_T_Yoga_1,efficientpose,77,2.553702,ok,1,direct,0.497192,4,right_ear,0,0,0.000000,0.000000,0.000000,2.000000,633.333313,220.000000,,,,0.035000,
MP_T_Yoga_1,efficientpose,77,2.553702,ok,1,direct,0.497192,5,left_shoulder,1,1,2.000000,729.530000,280.600000,2.000000,726.666687,246.666672,34.053918,58.357291,1,0.079000,0.335800
MP_T_Yoga_1,efficientpose,77,2.553702,ok,1,direct,0.497192,6,right_shoulder,1,1,2.000000,642.700000,284.630000,2.000000,606.666687,260.000000,43.646724,58.357291,1,0.079000,0.166523
MP_T_Yoga_1,efficientpose,77,2.553702,ok,1,direct,0.497192,7,left_elbow,1,1,2.000000,751.420000,209.330000,2.000000,753.333313,206.666672,3.279342,58.357291,1,0.072000,0.987891
MP_T_Yoga_1,efficientpose,77,2.553702,ok,1,direct,0.497192,8,right_elbow,1,1,2.000000,628.980000,216.750000,2.000000,553.333313,260.000000,87.137729,58.357291,0,0.072000,0.000184
MP_T_Yoga_1,efficientpose,77,2.553702,ok,1,direct,0.497192,9,left_wrist,1,1,2.000000,717.230000,144.360000,2.000000,740.000000,206.666672,66.336975,58.357291,0,0.062000,0.001203
MP_T_Yoga_1,efficientpose,77,2.553702,ok,1,direct,0.497192,10,right_wrist,1,1,2.000000,666.380000,147.540000,2.000000,526.666687,220.000000,157.385709,58.357291,0,0.062000,0.000000
MP_T_Yoga_1,efficientpose,77,2.553702,ok,1,direct,0.497192,11,left_hip,1,1,2.000000,706.390000,416.320000,2.000000,726.666687,420.000000,20.607922,58.357291,1,0.107000,0.804253
MP_T_Yoga_1,efficientpose,77,2.553702,ok,1,direct,0.497192,12,right_hip,1,1,2.000000,663.830000,415.980000,2.000000,700.000000,420.000000,36.392709,58.357291,1,0.107000,0.506941
MP_T_Yoga_1,efficientpose,77,2.553702,ok,1,direct,0.497192,13,left_knee,1,1,2.000000,700.160000,561.210000,2.000000,700.000000,500.000000,61.210209,58.357291,0,0.087000,0.054638
MP_T_Yoga_1,efficientpose,77,2.553702,ok,1,direct,0.497192,14,right_knee,1,1,2.000000,589.120000,480.320000,2.000000,646.666687,473.333344,57.969255,58.357291,1,0.087000,0.073731
MP_T_Yoga_1,efficientpose,77,2.553702,ok,1,direct,0.497192,15,left_ankle,1,1,2.000000,685.160000,668.940000,2.000000,713.333313,633.333313,45.404534,58.357291,1,0.089000,0.216866
MP_T_Yoga_1,efficientpose,77,2.553702,ok,1,direct,0.497192,16,right_ankle,1,1,2.000000,673.380000,506.150000,2.000000,646.666687,646.666687,143.033354,58.357291,0,0.089000,0.000000
MP_T_Yoga_1,efficientpose,78,2.586867,ok,1,direct,0.540199,0,nose,1,1,2.000000,684.600000,241.870000,2.000000,660.000000,233.333328,26.039101,58.132752,1,0.026000,0.002643
MP_T_Yoga_1,efficientpose,78,2.586867,ok,1,direct,0.540199,1,left_eye,0,0,0.000000,0.000000,0.000000,2.000000,673.333313,220.000000,,,,0.025000,
MP_T_Yoga_1,efficientpose,78,2.586867,ok,1,direct,0.540199,2,right_eye,0,0,0.000000,0.000000,0.000000,2.000000,660.000000,220.000000,,,,0.025000,
MP_T_Yoga_1,efficientpose,78,2.586867,ok,1,direct,0.540199,3,left_ear,0,0,0.000000,0.000000,0.000000,2.000000,713.333313,220.000000,,,,0.035000,
MP_T_Yoga_1,efficientpose,78,2.586867,ok,1,direct,0.540199,4,right_ear,0,0,0.000000,0.000000,0.000000,2.000000,646.666687,220.000000,,,,0.035000,
MP_T_Yoga_1,efficientpose,78,2.586867,ok,1,direct,0.540199,5,left_shoulder,1,1,2.000000,729.490000,280.420000,2.000000,726.666687,246.666672,33.871201,58.132752,1,0.079000,0.336918
MP_T_Yoga_1,efficientpose,78,2.586867,ok,1,direct,0.540199,6,right_shoulder,1,1,2.000000,642.510000,284.750000,2.000000,606.666687,246.666672,52.298021,58.132752,1,0.079000,0.074750
MP_T_Yoga_1,efficientpose,78,2.586867,ok,1,direct,0.540199,7,left_elbow,1,1,2.000000,750.480000,209.050000,2.000000,753.333313,193.333328,15.973577,58.132752,1,0.072000,0.747298
MP_T_Yoga_1,efficientpose,78,2.586867,ok,1,direct,0.540199,8,right_elbow,1,1,2.000000,629.920000,216.750000,2.000000,553.333313,260.000000,87.955006,58.132752,0,0.072000,0.000146
MP_T_Yoga_1,efficientpose,78,2.586867,ok,1,direct,0.540199,9,left_wrist,1,1,2.000000,714.730000,145.910000,2.000000,740.000000,193.333328,53.735882,58.132752,1,0.062000,0.011730
MP_T_Yoga_1,efficientpose,78,2.586867,ok,1,direct,0.540199,10,right_wrist,1,1,2.000000,668.530000,148.440000,2.000000,526.666687,233.333328,165.324157,58.132752,0,0.062000,0.000000
MP_T_Yoga_1,efficientpose,78,2.586867,ok,1,direct,0.540199,11,left_hip,1,1,2.000000,706.380000,416.340000,2.000000,726.666687,420.000000,20.614201,58.132752,1,0.107000,0.802791
MP_T_Yoga_1,efficientpose,78,2.586867,ok,1,direct,0.540199,12,right_hip,1,1,2.000000,663.650000,416.010000,2.000000,700.000000,433.333344,40.266869,58.132752,1,0.107000,0.432514
MP_T_Yoga_1,efficientpose,78,2.586867,ok,1,direct,0.540199,13,left_knee,1,1,2.000000,700.050000,561.200000,2.000000,700.000000,486.666656,74.533360,58.132752,0,0.087000,0.012990
MP_T_Yoga_1,efficientpose,78,2.586867,ok,1,direct,0.540199,14,right_knee,1,1,2.000000,588.940000,480.700000,2.000000,633.333313,473.333344,45.000376,58.132752,1,0.087000,0.205282
MP_T_Yoga_1,efficientpose,78,2.586867,ok,1,direct,0.540199,15,left_ankle,1,1,2.000000,685.150000,668.910000,2.000000,713.333313,633.333313,45.387221,58.132752,1,0.089000,0.214568
MP_T_Yoga_1,efficientpose,78,2.586867,ok,1,direct,0.540199,16,right_ankle,1,1,2.000000,673.540000,506.230000,2.000000,660.000000,646.666687,141.087897,58.132752,0,0.089000,0.000000
MP_T_Yoga_1,efficientpose,79,2.620032,ok,1,direct,0.459414,0,nose,1,1,2.000000,684.940000,241.890000,2.000000,673.333313,220.000000,24.776749,57.907616,1,0.026000,0.004444
MP_T_Yoga_1,efficientpose,79,2.620032,ok,1,direct,0.459414,1,left_eye,0,0,0.000000,0.000000,0.000000,2.000000,686.666687,206.666672,,,,0.025000,
MP_T_Yoga_1,efficientpose,79,2.620032,ok,1,direct,0.459414,2,right_eye,0,0,0.000000,0.000000,0.000000,2.000000,660.000000,206.666672,,,,0.025000,
MP_T_Yoga_1,efficientpose,79,2.620032,ok,1,direct,0.459414,3,left_ear,0,0,0.000000,0.000000,0.000000,2.000000,713.333313,220.000000,,,,0.035000,
MP_T_Yoga_1,efficientpose,79,2.620032,ok,1,direct,0.459414,4,right_ear,0,0,0.000000,0.000000,0.000000,2.000000,633.333313,220.000000,,,,0.035000,
MP_T_Yoga_1,efficientpose,79,2.620032,ok,1,direct,0.459414,5,left_shoulder,1,1,2.000000,729.460000,280.230000,2.000000,726.666687,246.666672,33.679365,57.907616,1,0.079000,0.338237
MP_T_Yoga_1,efficientpose,79,2.620032,ok,1,direct,0.459414,6,right_shoulder,1,1,2.000000,642.320000,284.870000,2.000000,606.666687,246.666672,52.255651,57.907616,1,0.079000,0.073565
MP_T_Yoga_1,efficientpose,79,2.620032,ok,1,direct,0.459414,7,left_elbow,1,1,2.000000,749.540000,208.770000,2.000000,753.333313,206.666672,4.337420,57.907616,1,0.072000,0.978588
MP_T_Yoga_1,efficientpose,79,2.620032,ok,1,direct,0.459414,8,right_elbow,1,1,2.000000,630.870000,216.750000,2.000000,540.000000,260.000000,100.637565,57.907616,0,0.072000,0.000009
MP_T_Yoga_1,efficientpose,79,2.620032,ok,1,direct,0.459414,9,left_wrist,1,1,2.000000,712.230000,147.470000,2.000000,726.666687,193.333328,48.081835,57.907616,1,0.062000,0.027680
MP_T_Yoga_1,efficientpose,79,2.620032,ok,1,direct,0.459414,10,right_wrist,1,1,2.000000,670.680000,149.330000,2.000000,513.333313,220.000000,172.488344,57.907616,0,0.062000,0.000000
MP_T_Yoga_1,efficientpose,79,2.620032,ok,1,direct,0.459414,11,left_hip,1,1,2.000000,706.370000,416.360000,2.000000,726.666687,420.000000,20.620502,57.907616,1,0.107000,0.801309
MP_T_Yoga_1,efficientpose,79,2.620032,ok,1,direct,0.459414,12,right_hip,1,1,2.000000,663.480000,416.050000,2.000000,700.000000,433.333344,40.403272,57.907616,1,0.107000,0.427243
MP_T_Yoga_1,efficientpose,79,2.620032,ok,1,direct,0.459414,13,left_knee,1,1,2.000000,699.930000,561.200000,2.000000,686.666687,500.000000,62.620727,57.907616,0,0.087000,0.045503
MP_T_Yoga_1,efficientpose,79,2.620032,ok,1,direct,0.459414,14,right_knee,1,1,2.000000,588.760000,481.070000,2.000000,633.333313,486.666656,44.923299,57.907616,1,0.087000,0.203876
MP_T_Yoga_1,efficientpose,79,2.620032,ok,1,direct,0.459414,15,left_ankle,1,1,2.000000,685.140000,668.880000,2.000000,713.333313,633.333313,45.369922,57.907616,1,0.089000,0.212261
MP_T_Yoga_1,efficientpose,79,2.620032,ok,1,direct,0.459414,16,right_ankle,1,1,2.000000,673.690000,506.300000,2.000000,660.000000,646.666687,141.032702,57.907616,0,0.089000,0.000000
MP_T_Yoga_1,efficientpose,80,2.653197,ok,1,direct,0.495218,0,nose,1,1,2.000000,685.280000,241.910000,2.000000,673.333313,220.000000,24.955389,57.681192,1,0.026000,0.003935
MP_T_Yoga_1,efficientpose,80,2.653197,ok,1,direct,0.495218,1,left_eye,0,0,0.000000,0.000000,0.000000,2.000000,686.666687,206.666672,,,,0.025000,
MP_T_Yoga_1,efficientpose,80,2.653197,ok,1,direct,0.495218,2,right_eye,0,0,0.000000,0.000000,0.000000,2.000000,660.000000,206.666672,,,,0.025000,
MP_T_Yoga_1,efficientpose,80,2.653197,ok,1,direct,0.495218,3,left_ear,0,0,0.000000,0.000000,0.000000,2.000000,713.333313,220.000000,,,,0.035000,
MP_T_Yoga_1,efficientpose,80,2.653197,ok,1,direct,0.495218,4,right_ear,0,0,0.000000,0.000000,0.000000,2.000000,633.333313,220.000000,,,,0.035000,
MP_T_Yoga_1,efficientpose,80,2.653197,ok,1,direct,0.495218,5,left_shoulder,1,1,2.000000,729.420000,280.040000,2.000000,726.666687,246.666672,33.486710,57.681192,1,0.079000,0.339571
MP_T_Yoga_1,efficientpose,80,2.653197,ok,1,direct,0.495218,6,right_shoulder,1,1,2.000000,642.120000,284.990000,2.000000,606.666687,246.666672,52.207422,57.681192,1,0.079000,0.072421
MP_T_Yoga_1,efficientpose,80,2.653197,ok,1,direct,0.495218,7,left_elbow,1,1,2.000000,748.590000,208.490000,2.000000,753.333313,206.666672,5.081687,57.681192,1,0.072000,0.970500
MP_T_Yoga_1,efficientpose,80,2.653197,ok,1,direct,0.495218,8,right_elbow,1,1,2.000000,631.810000,216.750000,2.000000,540.000000,260.000000,101.487135,57.681192,0,0.072000,0.000007
MP_T_Yoga_1,efficientpose,80,2.653197,ok,1,direct,0.495218,9,left_wrist,1,1,2.000000,709.730000,149.020000,2.000000,740.000000,206.666672,65.110765,57.681192,0,0.062000,0.001321
MP_T_Yoga_1,efficientpose,80,2.653197,ok,1,direct,0.495218,10,right_wrist,1,1,2.000000,672.830000,150.230000,2.000000,513.333313,220.000000,174.089190,57.681192,0,0.062000,0.000000
MP_T_Yoga_1,efficientpose,80,2.653197,ok,1,direct,0.495218,11,left_hip,1,1,2.000000,706.360000,416.370000,2.000000,726.666687,420.000000,20.628583,57.681192,1,0.107000,0.799774
MP_T_Yoga_1,efficientpose,80,2.653197,ok,1,direct,0.495218,12,right_hip,1,1,2.000000,663.310000,416.090000,2.000000,700.000000,433.333344,40.539968,57.681192,1,0.107000,0.421936
MP_T_Yoga_1,efficientpose,80,2.653197,ok,1,direct,0.495218,13,left_knee,1,1,2.000000,699.820000,561.190000,2.000000,686.666687,500.000000,62.587744,57.681192,0,0.087000,0.044556
MP_T_Yoga_1,efficientpose,80,2.653197,ok,1,direct,0.495218,14,right_knee,1,1,2.000000,588.580000,481.450000,2.000000,633.333313,486.666656,45.056326,57.681192,1,0.087000,0.199437
MP_T_Yoga_1,efficientpose,80,2.653197,ok,1,direct,0.495218,15,left_ankle,1,1,2.000000,685.130000,668.850000,2.000000,713.333313,633.333313,45.352640,57.681192,1,0.089000,0.209938
MP_T_Yoga_1,efficientpose,80,2.653197,ok,1,direct,0.495218,16,right_ankle,1,1,2.000000,673.850000,506.380000,2.000000,660.000000,646.666687,140.968709,57.681192,0,0.089000,0.000000
MP_T_Yoga_1,efficientpose,81,2.686362,ok,1,direct,0.349112,0,nose,1,1,2.000000,685.500000,241.870000,2.000000,673.333313,220.000000,25.026489,57.494620,1,0.026000,0.003677
MP_T_Yoga_1,efficientpose,81,2.686362,ok,1,direct,0.349112,1,left_eye,0,0,0.000000,0.000000,0.000000,2.000000,673.333313,206.666672,,,,0.025000,
MP_T_Yoga_1,efficientpose,81,2.686362,ok,1,direct,0.349112,2,right_eye,0,0,0.000000,0.000000,0.000000,2.000000,660.000000,206.666672,,,,0.025000,
MP_T_Yoga_1,efficientpose,81,2.686362,ok,1,direct,0.349112,3,left_ear,0,0,0.000000,0.000000,0.000000,2.000000,713.333313,220.000000,,,,0.035000,
MP_T_Yoga_1,efficientpose,81,2.686362,ok,1,direct,0.349112,4,right_ear,0,0,0.000000,0.000000,0.000000,2.000000,633.333313,233.333328,,,,0.035000,
MP_T_Yoga_1,efficientpose,81,2.686362,ok,1,direct,0.349112,5,left_shoulder,1,1,2.000000,729.380000,279.860000,2.000000,726.666687,246.666672,33.304040,57.494620,1,0.079000,0.341208
MP_T_Yoga_1,efficientpose,81,2.686362,ok,1,direct,0.349112,6,right_shoulder,1,1,2.000000,641.930000,285.100000,2.000000,580.000000,260.000000,66.823161,57.494620,0,0.079000,0.013182
MP_T_Yoga_1,efficientpose,81,2.686362,ok,1,direct,0.349112,7,left_elbow,1,1,2.000000,747.650000,208.380000,2.000000,740.000000,206.666672,7.839515,57.494620,1,0.072000,0.930784
MP_T_Yoga_1,efficientpose,81,2.686362,ok,1,direct,0.349112,8,right_elbow,1,1,2.000000,632.140000,216.530000,2.000000,540.000000,260.000000,101.879441,57.494620,0,0.072000,0.000005
MP_T_Yoga_1,efficientpose,81,2.686362,ok,1,direct,0.349112,9,left_wrist,1,1,2.000000,708.070000,149.850000,2.000000,726.666687,206.666672,59.782698,57.494620,0,0.062000,0.003606
MP_T_Yoga_1,efficientpose,81,2.686362,ok,1,direct,0.349112,10,right_wrist,1,1,2.000000,674.160000,151.230000,2.000000,526.666687,233.333328,168.805314,57.494620,0,0.062000,0.000000
MP_T_Yoga_1,efficientpose,81,2.686362,ok,1,direct,0.349112,11,left_hip,1,1,2.000000,706.350000,416.390000,2.000000,726.666687,420.000000,20.634919,57.494620,1,0.107000,0.798503
MP_T_Yoga_1,efficientpose,81,2.686362,ok,1,direct,0.349112,12,right_hip,1,1,2.000000,663.140000,416.130000,2.000000,713.333313,433.333344,53.059624,57.494620,1,0.107000,0.225875
MP_T_Yoga_1,efficientpose,81,2.686362,ok,1,direct,0.349112,13,left_knee,1,1,2.000000,699.700000,561.180000,2.000000,700.000000,486.666656,74.513947,57.494620,0,0.087000,0.011817
MP_T_Yoga_1,efficientpose,81,2.686362,ok,1,direct,0.349112,14,right_knee,1,1,2.000000,588.410000,481.830000,2.000000,633.333313,486.666656,45.182931,57.494620,1,0.087000,0.195563
MP_T_Yoga_1,efficientpose,81,2.686362,ok,1,direct,0.349112,15,left_ankle,1,1,2.000000,685.120000,668.820000,2.000000,713.333313,633.333313,45.335372,57.494620,1,0.089000,0.208068
MP_T_Yoga_1,efficientpose,81,2.686362,ok,1,direct,0.349112,16,right_ankle,1,1,2.000000,673.680000,506.370000,2.000000,673.333313,646.666687,140.297115,57.494620,0,0.089000,0.000000
MP_T_Yoga_1,efficientpose,82,2.719527,ok,1,direct,0.311866,0,nose,1,1,2.000000,685.710000,241.840000,2.000000,660.000000,220.000000,33.734103,57.307902,1,0.026000,0.000035
MP_T_Yoga_1,efficientpose,82,2.719527,ok,1,direct,0.311866,1,left_eye,0,0,0.000000,0.000000,0.000000,2.000000,673.333313,206.666672,,,,0.025000,
MP_T_Yoga_1,efficientpose,82,2.719527,ok,1,direct,0.311866,2,right_eye,0,0,0.000000,0.000000,0.000000,2.000000,646.666687,220.000000,,,,0.025000,
MP_T_Yoga_1,efficientpose,82,2.719527,ok,1,direct,0.311866,3,left_ear,0,0,0.000000,0.000000,0.000000,2.000000,686.666687,220.000000,,,,0.035000,
MP_T_Yoga_1,efficientpose,82,2.719527,ok,1,direct,0.311866,4,right_ear,0,0,0.000000,0.000000,0.000000,2.000000,620.000000,246.666672,,,,0.035000,
MP_T_Yoga_1,efficientpose,82,2.719527,ok,1,direct,0.311866,5,left_shoulder,1,1,2.000000,729.350000,279.670000,2.000000,726.666687,233.333328,46.414301,57.307902,1,0.079000,0.122201
MP_T_Yoga_1,efficientpose,82,2.719527,ok,1,direct,0.311866,6,right_shoulder,1,1,2.000000,641.740000,285.220000,2.000000,553.333313,260.000000,91.933621,57.307902,0,0.079000,0.000262
MP_T_Yoga_1,efficientpose,82,2.719527,ok,1,direct,0.311866,7,left_elbow,1,1,2.000000,746.700000,208.270000,2.000000,753.333313,220.000000,13.475672,57.307902,1,0.072000,0.807895
MP_T_Yoga_1,efficientpose,82,2.719527,ok,1,direct,0.311866,8,right_elbow,1,1,2.000000,632.480000,216.300000,2.000000,553.333313,260.000000,90.409557,57.307902,0,0.072000,0.000068
MP_T_Yoga_1,efficientpose,82,2.719527,ok,1,direct,0.311866,9,left_wrist,1,1,2.000000,706.400000,150.690000,2.000000,726.666687,206.666672,59.532566,57.307902,0,0.062000,0.003644
MP_T_Yoga_1,efficientpose,82,2.719527,ok,1,direct,0.311866,10,right_wrist,1,1,2.000000,675.490000,152.230000,2.000000,526.666687,233.333328,169.487841,57.307902,0,0.062000,0.000000
MP_T_Yoga_1,efficientpose,82,2.719527,ok,1,direct,0.311866,11,left_hip,1,1,2.000000,706.340000,416.410000,2.000000,726.666687,420.000000,20.641277,57.307902,1,0.107000,0.797220
MP_T_Yoga_1,efficientpose,82,2.719527,ok,1,direct,0.311866,12,right_hip,1,1,2.000000,662.960000,416.170000,2.000000,726.666687,420.000000,63.821712,57.307902,0,0.107000,0.114571
MP_T_Yoga_1,efficientpose,82,2.719527,ok,1,direct,0.311866,13,left_knee,1,1,2.000000,699.590000,561.170000,2.000000,700.000000,486.666656,74.504472,57.307902,0,0.087000,0.011492
MP_T_Yoga_1,efficientpose,82,2.719527,ok,1,direct,0.311866,14,right_knee,1,1,2.000000,588.230000,482.200000,2.000000,633.333313,486.666656,45.323944,57.307902,1,0.087000,0.191515
MP_T_Yoga_1,efficientpose,82,2.719527,ok,1,direct,0.311866,15,left_ankle,1,1,2.000000,685.110000,668.800000,2.000000,713.333313,633.333313,45.325945,57.307902,1,0.089000,0.206082
MP_T_Yoga_1,efficientpose,82,2.719527,ok,1,direct,0.311866,16,right_ankle,1,1,2.000000,673.500000,506.360000,2.000000,673.333313,646.666687,140.306786,57.307902,0,0.089000,0.000000
MP_T_Yoga_1,efficientpose,83,2.752692,ok,1,direct,0.275134,0,nose,1,1,2.000000,685.930000,241.800000,2.000000,646.666687,220.000000,44.909328,57.122849,1,0.026000,0.000000
MP_T_Yoga_1,efficientpose,83,2.752692,ok,1,direct,0.275134,1,left_eye,0,0,0.000000,0.000000,0.000000,2.000000,660.000000,206.666672,,,,0.025000,
MP_T_Yoga_1,efficientpose,83,2.752692,ok,1,direct,0.275134,2,right_eye,0,0,0.000000,0.000000,0.000000,2.000000,620.000000,233.333328,,,,0.025000,
MP_T_Yoga_1,efficientpose,83,2.752692,ok,1,direct,0.275134,3,left_ear,0,0,0.000000,0.000000,0.000000,2.000000,686.666687,220.000000,,,,0.035000,
MP_T_Yoga_1,efficientpose,83,2.752692,ok,1,direct,0.275134,4,right_ear,0,0,0.000000,0.000000,0.000000,2.000000,606.666687,246.666672,,,,0.035000,
MP_T_Yoga_1,efficientpose,83,2.752692,ok,1,direct,0.275134,5,left_shoulder,1,1,2.000000,729.310000,279.490000,2.000000,726.666687,233.333328,46.232299,57.122849,1,0.079000,0.122558
MP_T_Yoga_1,efficientpose,83,2.752692,ok,1,direct,0.275134,6,right_shoulder,1,1,2.000000,641.550000,285.340000,2.000000,553.333313,260.000000,91.783983,57.122849,0,0.079000,0.000255
MP_T_Yoga_1,efficientpose,83,2.752692,ok,1,direct,0.275134,7,left_elbow,1,1,2.000000,745.760000,208.160000,2.000000,753.333313,220.000000,14.054916,57.122849,1,0.072000,0.791709
MP_T_Yoga_1,efficientpose,83,2.752692,ok,1,direct,0.275134,8,right_elbow,1,1,2.000000,632.810000,216.080000,2.000000,540.000000,260.000000,102.677468,57.122849,0,0.072000,0.000004
MP_T_Yoga_1,efficientpose,83,2.752692,ok,1,direct,0.275134,9,left_wrist,1,1,2.000000,704.740000,151.520000,2.000000,726.666687,206.666672,59.345893,57.122849,0,0.062000,0.003640
MP_T_Yoga_1,efficientpose,83,2.752692,ok,1,direct,0.275134,10,right_wrist,1,1,2.000000,676.820000,153.230000,2.000000,526.666687,233.333328,170.183902,57.122849,0,0.062000,0.000000
MP_T_Yoga_1,efficientpose,83,2.752692,ok,1,direct,0.275134,11,left_hip,1,1,2.000000,706.330000,416.430000,2.000000,726.666687,420.000000,20.647657,57.122849,1,0.107000,0.795936
MP_T_Yoga_1,efficientpose,83,2.752692,ok,1,direct,0.275134,12,right_hip,1,1,2.000000,662.790000,416.210000,2.000000,726.666687,420.000000,63.989024,57.122849,0,0.107000,0.111686
MP_T_Yoga_1,efficientpose,83,2.752692,ok,1,direct,0.275134,13,left_knee,1,1,2.000000,699.470000,561.170000,2.000000,700.000000,486.666656,74.505229,57.122849,0,0.087000,0.011163
MP_T_Yoga_1,efficientpose,83,2.752692,ok,1,direct,0.275134,14,right_knee,1,1,2.000000,588.050000,482.580000,2.000000,646.666687,486.666656,58.758972,57.122849,0,0.087000,0.061060
MP_T_Yoga_1,efficientpose,83,2.752692,ok,1,direct,0.275134,15,left_ankle,1,1,2.000000,685.090000,668.770000,2.000000,713.333313,633.333313,45.314937,57.122849,1,0.089000,0.204138
MP_T_Yoga_1,efficientpose,83,2.752692,ok,1,direct,0.275134,16,right_ankle,1,1,2.000000,673.330000,506.350000,2.000000,686.666687,646.666687,140.949068,57.122849,0,0.089000,0.000000
MP_T_Yoga_1,efficientpose,84,2.785857,ok,1,direct,0.453660,0,nose,1,1,2.000000,686.140000,241.770000,2.000000,660.000000,220.000000,34.018120,56.935840,1,0.026000,0.000026
MP_T_Yoga_1,efficientpose,84,2.785857,ok,1,direct,0.453660,1,left_eye,0,0,0.000000,0.000000,0.000000,2.000000,673.333313,220.000000,,,,0.025000,
MP_T_Yoga_1,efficientpose,84,2.785857,ok,1,direct,0.453660,2,right_eye,0,0,0.000000,0.000000,0.000000,2.000000,660.000000,220.000000,,,,0.025000,
MP_T_Yoga_1,efficientpose,84,2.785857,ok,1,direct,0.453660,3,left_ear,0,0,0.000000,0.000000,0.000000,2.000000,700.000000,220.000000,,,,0.035000,
MP_T_Yoga_1,efficientpose,84,2.785857,ok,1,direct,0.453660,4,right_ear,0,0,0.000000,0.000000,0.000000,2.000000,633.333313,220.000000,,,,0.035000,
MP_T_Yoga_1,efficientpose,84,2.785857,ok,1,direct,0.453660,5,left_shoulder,1,1,2.000000,729.270000,279.300000,2.000000,726.666687,233.333328,46.040332,56.935840,1,0.079000,0.123013
MP_T_Yoga_1,efficientpose,84,2.785857,ok,1,direct,0.453660,6,right_shoulder,1,1,2.000000,641.350000,285.460000,2.000000,593.333313,246.666672,61.729446,56.935840,0,0.079000,0.023123
MP_T_Yoga_1,efficientpose,84,2.785857,ok,1,direct,0.453660,7,left_elbow,1,1,2.000000,744.820000,208.050000,2.000000,753.333313,220.000000,14.672389,56.935840,1,0.072000,0.773980
MP_T_Yoga_1,efficientpose,84,2.785857,ok,1,direct,0.453660,8,right_elbow,1,1,2.000000,633.140000,215.860000,2.000000,540.000000,260.000000,103.069875,56.935840,0,0.072000,0.000003
MP_T_Yoga_1,efficientpose,84,2.785857,ok,1,direct,0.453660,9,left_wrist,1,1,2.000000,703.070000,152.350000,2.000000,740.000000,206.666672,65.682005,56.935840,0,0.062000,0.000984
MP_T_Yoga_1,efficientpose,84,2.785857,ok,1,direct,0.453660,10,right_wrist,1,1,2.000000,678.160000,154.230000,2.000000,540.000000,233.333328,159.202771,56.935840,0,0.062000,0.000000
MP_T_Yoga_1,efficientpose,84,2.785857,ok,1,direct,0.453660,11,left_hip,1,1,2.000000,706.320000,416.450000,2.000000,726.666687,406.666656,22.576569,56.935840,1,0.107000,0.759825
MP_T_Yoga_1,efficientpose,84,2.785857,ok,1,direct,0.453660,12,right_hip,1,1,2.000000,662.620000,416.240000,2.000000,713.333313,420.000000,50.852509,56.935840,1,0.107000,0.248198
MP_T_Yoga_1,efficientpose,84,2.785857,ok,1,direct,0.453660,13,left_knee,1,1,2.000000,699.360000,561.160000,2.000000,713.333313,473.333344,88.931294,56.935840,0,0.087000,0.001586
MP_T_Yoga_1,efficientpose,84,2.785857,ok,1,direct,0.453660,14,right_knee,1,1,2.000000,587.880000,482.950000,2.000000,660.000000,486.666656,72.215704,56.935840,0,0.087000,0.014251
MP_T_Yoga_1,efficientpose,84,2.785857,ok,1,direct,0.453660,15,left_ankle,1,1,2.000000,685.080000,668.740000,2.000000,713.333313,633.333313,45.297717,56.935840,1,0.089000,0.202260
MP_T_Yoga_1,efficientpose,84,2.785857,ok,1,direct,0.453660,16,right_ankle,1,1,2.000000,673.150000,506.340000,2.000000,686.666687,646.666687,140.976168,56.935840,0,0.089000,0.000000
MP_T_Yoga_1,efficientpose,85,2.819022,ok,1,direct,0.394142,0,nose,1,1,2.000000,686.360000,241.730000,2.000000,660.000000,220.000000,34.162004,56.748131,1,0.026000,0.000022
MP_T_Yoga_1,efficientpose,85,2.819022,ok,1,direct,0.394142,1,left_eye,0,0,0.000000,0.000000,0.000000,2.000000,673.333313,206.666672,,,,0.025000,
MP_T_Yoga_1,efficientpose,85,2.819022,ok,1,direct,0.394142,2,right_eye,0,0,0.000000,0.000000,0.000000,2.000000,646.666687,220.000000,,,,0.025000,
MP_T_Yoga_1,efficientpose,85,2.819022,ok,1,direct,0.394142,3,left_ear,0,0,0.000000,0.000000,0.000000,2.000000,700.000000,206.666672,,,,0.035000,
MP_T_Yoga_1,efficientpose,85,2.819022,ok,1,direct,0.394142,4,right_ear,0,0,0.000000,0.000000,0.000000,2.000000,620.000000,220.000000,,,,0.035000,
MP_T_Yoga_1,efficientpose,85,2.819022,ok,1,direct,0.394142,5,left_shoulder,1,1,2.000000,729.230000,279.110000,2.000000,726.666687,220.000000,59.165553,56.748131,0,0.079000,0.030701
MP_T_Yoga_1,efficientpose,85,2.819022,ok,1,direct,0.394142,6,right_shoulder,1,1,2.000000,641.160000,285.580000,2.000000,553.333313,246.666672,96.061304,56.748131,0,0.079000,0.000103
MP_T_Yoga_1,efficientpose,85,2.819022,ok,1,direct,0.394142,7,left_elbow,1,1,2.000000,743.870000,207.940000,2.000000,740.000000,206.666672,4.074097,56.748131,1,0.072000,0.980311
MP_T_Yoga_1,efficientpose,85,2.819022,ok,1,direct,0.394142,8,right_elbow,1,1,2.000000,633.480000,215.640000,2.000000,526.666687,260.000000,115.658521,56.748131,0,0.072000,0.000000
MP_T_Yoga_1,efficientpose,85,2.819022,ok,1,direct,0.394142,9,left_wrist,1,1,2.000000,701.400000,153.190000,2.000000,740.000000,206.666672,65.952365,56.748131,0,0.062000,0.000887
MP_T_Yoga_1,efficientpose,85,2.819022,ok,1,direct,0.394142,10,right_wrist,1,1,2.000000,679.490000,155.220000,2.000000,526.666687,233.333328,171.629418,56.748131,0,0.062000,0.000000
MP_T_Yoga_1,efficientpose,85,2.819022,ok,1,direct,0.394142,11,left_hip,1,1,2.000000,706.310000,416.470000,2.000000,726.666687,406.666656,22.594253,56.748131,1,0.107000,0.758115
MP_T_Yoga_1,efficientpose,85,2.819022,ok,1,direct,0.394142,12,right_hip,1,1,2.000000,662.450000,416.280000,2.000000,726.666687,420.000000,64.324344,56.748131,0,0.107000,0.105986
MP_T_Yoga_1,efficientpose,85,2.819022,ok,1,direct,0.394142,13,left_knee,1,1,2.000000,699.240000,561.150000,2.000000,686.666687,486.666656,75.537121,56.748131,0,0.087000,0.009263
MP_T_Yoga_1,efficientpose,85,2.819022,ok,1,direct,0.394142,14,right_knee,1,1,2.000000,587.700000,483.330000,2.000000,633.333313,486.666656,45.755137,56.748131,1,0.087000,0.179464
MP_T_Yoga_1,efficientpose,85,2.819022,ok,1,direct,0.394142,15,left_ankle,1,1,2.000000,685.070000,668.710000,2.000000,713.333313,633.333313,45.280513,56.748131,1,0.089000,0.200374
MP_T_Yoga_1,efficientpose,85,2.819022,ok,1,direct,0.394142,16,right_ankle,1,1,2.000000,672.980000,506.330000,2.000000,686.666687,646.666687,141.002522,56.748131,0,0.089000,0.000000
MP_T_Yoga_1,efficientpose,86,2.852187,ok,1,direct,0.354622,0,nose,1,1,2.000000,686.110000,241.700000,2.000000,660.000000,220.000000,33.950289,56.705013,1,0.026000,0.000025
MP_T_Yoga_1,efficientpose,86,2.852187,ok,1,direct,0.354622,1,left_eye,0,0,0.000000,0.000000,0.000000,2.000000,673.333313,206.666672,,,,0.025000,
MP_T_Yoga_1,efficientpose,86,2.852187,ok,1,direct,0.354622,2,right_eye,0,0,0.000000,0.000000,0.000000,2.000000,646.666687,220.000000,,,,0.025000,
MP_T_Yoga_1,efficientpose,86,2.852187,ok,1,direct,0.354622,3,left_ear,0,0,0.000000,0.000000,0.000000,2.000000,686.666687,220.000000,,,,0.035000,
MP_T_Yoga_1,efficientpose,86,2.852187,ok,1,direct,0.354622,4,right_ear,0,0,0.000000,0.000000,0.000000,2.000000,606.666687,220.000000,,,,0.035000,
MP_T_Yoga_1,efficientpose,86,2.852187,ok,1,direct,0.354622,5,left_shoulder,1,1,2.000000,728.970000,279.080000,2.000000,726.666687,233.333328,45.804620,56.705013,1,0.079000,0.123565
MP_T_Yoga_1,efficientpose,86,2.852187,ok,1,direct,0.354622,6,right_shoulder,1,1,2.000000,640.970000,285.700000,2.000000,553.333313,260.000000,91.327317,56.705013,0,0.079000,0.000245
MP_T_Yoga_1,efficientpose,86,2.852187,ok,1,direct,0.354622,7,left_elbow,1,1,2.000000,743.480000,207.900000,2.000000,753.333313,206.666672,9.930200,56.705013,1,0.072000,0.888417
MP_T_Yoga_1,efficientpose,86,2.852187,ok,1,direct,0.354622,8,right_elbow,1,1,2.000000,633.060000,215.810000,2.000000,526.666687,260.000000,115.205439,56.705013,0,0.072000,0.000000
MP_T_Yoga_1,efficientpose,86,2.852187,ok,1,direct,0.354622,9,left_wrist,1,1,2.000000,700.760000,153.260000,2.000000,753.333313,206.666672,74.941483,56.705013,0,0.062000,0.000113
MP_T_Yoga_1,efficientpose,86,2.852187,ok,1,direct,0.354622,10,right_wrist,1,1,2.000000,679.490000,155.010000,2.000000,526.666687,220.000000,166.068254,56.705013,0,0.062000,0.000000
MP_T_Yoga_1,efficientpose,86,2.852187,ok,1,direct,0.354622,11,left_hip,1,1,2.000000,706.300000,416.490000,2.000000,726.666687,420.000000,20.666931,56.705013,1,0.107000,0.792911
MP_T_Yoga_1,efficientpose,86,2.852187,ok,1,direct,0.354622,12,right_hip,1,1,2.000000,662.270000,416.320000,2.000000,713.333313,420.000000,51.195745,56.705013,1,0.107000,0.240767
MP_T_Yoga_1,efficientpose,86,2.852187,ok,1,direct,0.354622,13,left_knee,1,1,2.000000,699.130000,561.140000,2.000000,686.666687,486.666656,75.509026,56.705013,0,0.087000,0.009229
MP_T_Yoga_1,efficientpose,86,2.852187,ok,1,direct,0.354622,14,right_knee,1,1,2.000000,587.520000,483.700000,2.000000,633.333313,486.666656,45.909266,56.705013,1,0.087000,0.176929
MP_T_Yoga_1,efficientpose,86,2.852187,ok,1,direct,0.354622,15,left_ankle,1,1,2.000000,685.060000,668.690000,2.000000,713.333313,633.333313,45.271134,56.705013,1,0.089000,0.200018
MP_T_Yoga_1,efficientpose,86,2.852187,ok,1,direct,0.354622,16,right_ankle,1,1,2.000000,672.800000,506.310000,2.000000,686.666687,646.666687,141.040011,56.705013,0,0.089000,0.000000
MP_T_Yoga_1,efficientpose,87,2.885352,ok,1,direct,0.300935,0,nose,1,1,2.000000,685.860000,241.670000,2.000000,646.666687,233.333328,40.070137,56.657688,1,0.026000,0.000000
MP_T_Yoga_1,efficientpose,87,2.885352,ok,1,direct,0.300935,1,left_eye,0,0,0.000000,0.000000,0.000000,2.000000,660.000000,220.000000,,,,0.025000,
MP_T_Yoga_1,efficientpose,87,2.885352,ok,1,direct,0.300935,2,right_eye,0,0,0.000000,0.000000,0.000000,2.000000,633.333313,220.000000,,,,0.025000,
MP_T_Yoga_1,efficientpose,87,2.885352,ok,1,direct,0.300935,3,left_ear,0,0,0.000000,0.000000,0.000000,2.000000,686.666687,220.000000,,,,0.035000,
MP_T_Yoga_1,efficientpose,87,2.885352,ok,1,direct,0.300935,4,right_ear,0,0,0.000000,0.000000,0.000000,2.000000,606.666687,233.333328,,,,0.035000,
MP_T_Yoga_1,efficientpose,87,2.885352,ok,1,direct,0.300935,5,left_shoulder,1,1,2.000000,728.710000,279.040000,2.000000,726.666687,233.333328,45.752322,56.657688,1,0.079000,0.123724
MP_T_Yoga_1,efficientpose,87,2.885352,ok,1,direct,0.300935,6,right_shoulder,1,1,2.000000,640.780000,285.820000,2.000000,540.000000,273.333344,101.550603,56.657688,0,0.079000,0.000034
MP_T_Yoga_1,efficientpose,87,2.885352,ok,1,direct,0.300935,7,left_elbow,1,1,2.000000,743.080000,207.870000,2.000000,740.000000,206.666672,3.306720,56.657688,1,0.072000,0.986945
MP_T_Yoga_1,efficientpose,87,2.885352,ok,1,direct,0.300935,8,right_elbow,1,1,2.000000,632.640000,215.990000,2.000000,526.666687,260.000000,114.748521,56.657688,0,0.072000,0.000000
MP_T_Yoga_1,efficientpose,87,2.885352,ok,1,direct,0.300935,9,left_wrist,1,1,2.000000,700.110000,153.330000,2.000000,753.333313,193.333328,66.580683,56.657688,0,0.062000,0.000758
MP_T_Yoga_1,efficientpose,87,2.885352,ok,1,direct,0.300935,10,right_wrist,1,1,2.000000,679.490000,154.790000,2.000000,526.666687,220.000000,166.154474,56.657688,0,0.062000,0.000000
MP_T_Yoga_1,efficientpose,87,2.885352,ok,1,direct,0.300935,11,left_hip,1,1,2.000000,706.290000,416.510000,2.000000,726.666687,406.666656,22.629644,56.657688,1,0.107000,0.756785
MP_T_Yoga_1,efficientpose,87,2.885352,ok,1,direct,0.300935,12,right_hip,1,1,2.000000,662.100000,416.360000,2.000000,713.333313,420.000000,51.362457,56.657688,1,0.107000,0.237970
MP_T_Yoga_1,efficientpose,87,2.885352,ok,1,direct,0.300935,13,left_knee,1,1,2.000000,699.010000,561.140000,2.000000,686.666687,486.666656,75.489312,56.657688,0,0.087000,0.009180
MP_T_Yoga_1,efficientpose,87,2.885352,ok,1,direct,0.300935,14,right_knee,1,1,2.000000,587.350000,484.080000,2.000000,633.333313,486.666656,46.056008,56.657688,1,0.087000,0.174469
MP_T_Yoga_1,efficientpose,87,2.885352,ok,1,direct,0.300935,15,left_ankle,1,1,2.000000,685.050000,668.660000,2.000000,713.333313,633.333313,45.253957,56.657688,1,0.089000,0.199725
MP_T_Yoga_1,efficientpose,87,2.885352,ok,1,direct,0.300935,16,right_ankle,1,1,2.000000,672.630000,506.300000,2.000000,686.666687,646.666687,141.066776,56.657688,0,0.089000,0.000000
MP_T_Yoga_1,efficientpose,88,2.918517,ok,1,direct,0.369276,0,nose,1,1,2.000000,685.610000,241.640000,2.000000,660.000000,220.000000,33.528521,56.613980,1,0.026000,0.000031
MP_T_Yoga_1,efficientpose,88,2.918517,ok,1,direct,0.369276,1,left_eye,0,0,0.000000,0.000000,0.000000,2.000000,673.333313,206.666672,,,,0.025000,
MP_T_Yoga_1,efficientpose,88,2.918517,ok,1,direct,0.369276,2,right_eye,0,0,0.000000,0.000000,0.000000,2.000000,646.666687,220.000000,,,,0.025000,
MP_T_Yoga_1,efficientpose,88,2.918517,ok,1,direct,0.369276,3,left_ear,0,0,0.000000,0.000000,0.000000,2.000000,700.000000,206.666672,,,,0.035000,
MP_T_Yoga_1,efficientpose,88,2.918517,ok,1,direct,0.369276,4,right_ear,0,0,0.000000,0.000000,0.000000,2.000000,620.000000,220.000000,,,,0.035000,
MP_T_Yoga_1,efficientpose,88,2.918517,ok,1,direct,0.369276,5,left_shoulder,1,1,2.000000,728.450000,279.000000,2.000000,726.666687,233.333328,45.701478,56.613980,1,0.079000,0.123900
MP_T_Yoga_1,efficientpose,88,2.918517,ok,1,direct,0.369276,6,right_shoulder,1,1,2.000000,640.580000,285.940000,2.000000,553.333313,260.000000,91.021250,56.613980,0,0.079000,0.000253
MP_T_Yoga_1,efficientpose,88,2.918517,ok,1,direct,0.369276,7,left_elbow,1,1,2.000000,742.690000,207.830000,2.000000,740.000000,206.666672,2.930773,56.613980,1,0.072000,0.989714
MP_T_Yoga_1,efficientpose,88,2.918517,ok,1,direct,0.369276,8,right_elbow,1,1,2.000000,632.230000,216.170000,2.000000,526.666687,260.000000,114.300840,56.613980,0,0.072000,0.000000
MP_T_Yoga_1,efficientpose,88,2.918517,ok,1,direct,0.369276,9,left_wrist,1,1,2.000000,699.470000,153.400000,2.000000,753.333313,206.666672,75.753513,56.613980,0,0.062000,0.000090
MP_T_Yoga_1,efficientpose,88,2.918517,ok,1,direct,0.369276,10,right_wrist,1,1,2.000000,679.490000,154.580000,2.000000,540.000000,220.000000,154.068934,56.613980,0,0.062000,0.000000
MP_T_Yoga_1,efficientpose,88,2.918517,ok,1,direct,0.369276,11,left_hip,1,1,2.000000,706.280000,416.530000,2.000000,726.666687,406.666656,22.647352,56.613980,1,0.107000,0.756129
MP_T_Yoga_1,efficientpose,88,2.918517,ok,1,direct,0.369276,12,right_hip,1,1,2.000000,661.930000,416.400000,2.000000,700.000000,406.666656,39.294565,56.613980,1,0.107000,0.431042
MP_T_Yoga_1,efficientpose,88,2.918517,ok,1,direct,0.369276,13,left_knee,1,1,2.000000,698.900000,561.130000,2.000000,700.000000,486.666656,74.471468,56.613980,0,0.087000,0.010335
MP_T_Yoga_1,efficientpose,88,2.918517,ok,1,direct,0.369276,14,right_knee,1,1,2.000000,587.170000,484.450000,2.000000,646.666687,486.666656,59.537965,56.613980,0,0.087000,0.053807
MP_T_Yoga_1,efficientpose,88,2.918517,ok,1,direct,0.369276,15,left_ankle,1,1,2.000000,685.040000,668.630000,2.000000,713.333313,633.333313,45.236796,56.613980,1,0.089000,0.199473
MP_T_Yoga_1,efficientpose,88,2.918517,ok,1,direct,0.369276,16,right_ankle,1,1,2.000000,672.450000,506.290000,2.000000,673.333313,646.666687,140.379466,56.613980,0,0.089000,0.000000
MP_T_Yoga_1,efficientpose,89,2.951681,ok,1,direct,0.312704,0,nose,1,1,2.000000,685.370000,241.610000,2.000000,660.000000,220.000000,33.326101,56.570254,1,0.026000,0.000035
MP_T_Yoga_1,efficientpose,89,2.951681,ok,1,direct,0.312704,1,left_eye,0,0,0.000000,0.000000,0.000000,2.000000,673.333313,206.666672,,,,0.025000,
MP_T_Yoga_1,efficientpose,89,2.951681,ok,1,direct,0.312704,2,right_eye,0,0,0.000000,0.000000,0.000000,2.000000,646.666687,206.666672,,,,0.025000,
MP_T_Yoga_1,efficientpose,89,2.951681,ok,1,direct,0.312704,3,left_ear,0,0,0.000000,0.000000,0.000000,2.000000,700.000000,206.666672,,,,0.035000,
MP_T_Yoga_1,efficientpose,89,2.951681,ok,1,direct,0.312704,4,right_ear,0,0,0.000000,0.000000,0.000000,2.000000,620.000000,220.000000,,,,0.035000,
MP_T_Yoga_1,efficientpose,89,2.951681,ok,1,direct,0.312704,5,left_shoulder,1,1,2.000000,728.190000,278.970000,2.000000,726.666687,233.333328,45.662088,56.570254,1,0.079000,0.123946
MP_T_Yoga_1,efficientpose,89,2.951681,ok,1,direct,0.312704,6,right_shoulder,1,1,2.000000,640.390000,286.060000,2.000000,553.333313,260.000000,90.873485,56.570254,0,0.079000,0.000256
MP_T_Yoga_1,efficientpose,89,2.951681,ok,1,direct,0.312704,7,left_elbow,1,1,2.000000,742.300000,207.790000,2.000000,740.000000,206.666672,2.559661,56.570254,1,0.072000,0.992132
MP_T_Yoga_1,efficientpose,89,2.951681,ok,1,direct,0.312704,8,right_elbow,1,1,2.000000,631.810000,216.340000,2.000000,526.666687,273.333344,119.596645,56.570254,0,0.072000,0.000000
MP_T_Yoga_1,efficientpose,89,2.951681,ok,1,direct,0.312704,9,left_wrist,1,1,2.000000,698.820000,153.470000,2.000000,740.000000,206.666672,67.273162,56.570254,0,0.062000,0.000638
MP_T_Yoga_1,efficientpose,89,2.951681,ok,1,direct,0.312704,10,right_wrist,1,1,2.000000,679.490000,154.360000,2.000000,526.666687,220.000000,166.323704,56.570254,0,0.062000,0.000000
MP_T_Yoga_1,efficientpose,89,2.951681,ok,1,direct,0.312704,11,left_hip,1,1,2.000000,706.270000,416.550000,2.000000,726.666687,406.666656,22.665068,56.570254,1,0.107000,0.755471
MP_T_Yoga_1,efficientpose,89,2.951681,ok,1,direct,0.312704,12,right_hip,1,1,2.000000,661.750000,416.440000,2.000000,713.333313,420.000000,51.706013,56.570254,1,0.107000,0.232380
MP_T_Yoga_1,efficientpose,89,2.951681,ok,1,direct,0.312704,13,left_knee,1,1,2.000000,698.780000,561.120000,2.000000,700.000000,486.666656,74.463338,56.570254,0,0.087000,0.010273
MP_T_Yoga_1,efficientpose,89,2.951681,ok,1,direct,0.312704,14,right_knee,1,1,2.000000,586.990000,484.830000,2.000000,646.666687,486.666656,59.704944,56.570254,0,0.087000,0.052691
MP_T_Yoga_1,efficientpose,89,2.951681,ok,1,direct,0.312704,15,left_ankle,1,1,2.000000,685.030000,668.600000,2.000000,713.333313,620.000000,56.240888,56.570254,1,0.089000,0.082446
MP_T_Yoga_1,efficientpose,89,2.951681,ok,1,direct,0.312704,16,right_ankle,1,1,2.000000,672.280000,506.280000,2.000000,673.333313,646.666687,140.390638,56.570254,0,0.089000,0.000000
MP_T_Yoga_1,efficientpose,90,2.984846,ok,1,direct,0.381803,0,nose,1,1,2.000000,685.120000,241.580000,2.000000,660.000000,206.666672,43.011102,56.523412,1,0.026000,0.000000
MP_T_Yoga_1,efficientpose,90,2.984846,ok,1,direct,0.381803,1,left_eye,0,0,0.000000,0.000000,0.000000,2.000000,673.333313,206.666672,,,,0.025000,
MP_T_Yoga_1,efficientpose,90,2.984846,ok,1,direct,0.381803,2,right_eye,0,0,0.000000,0.000000,0.000000,2.000000,660.000000,206.666672,,,,0.025000,
MP_T_Yoga_1,efficientpose,90,2.984846,ok,1,direct,0.381803,3,left_ear,0,0,0.000000,0.000000,0.000000,2.000000,700.000000,206.666672,,,,0.035000,
MP_T_Yoga_1,efficientpose,90,2.984846,ok,1,direct,0.381803,4,right_ear,0,0,0.000000,0.000000,0.000000,2.000000,620.000000,220.000000,,,,0.035000,
MP_T_Yoga_1,efficientpose,90,2.984846,ok,1,direct,0.381803,5,left_shoulder,1,1,2.000000,727.930000,278.930000,2.000000,726.666687,233.333328,45.614169,56.523412,1,0.079000,0.124061
MP_T_Yoga_1,efficientpose,90,2.984846,ok,1,direct,0.381803,6,right_shoulder,1,1,2.000000,640.200000,286.180000,2.000000,580.000000,246.666672,72.009327,56.523412,0,0.079000,0.005510
MP_T_Yoga_1,efficientpose,90,2.984846,ok,1,direct,0.381803,7,left_elbow,1,1,2.000000,741.900000,207.760000,2.000000,753.333313,220.000000,16.749276,56.523412,1,0.072000,0.712649
MP_T_Yoga_1,efficientpose,90,2.984846,ok,1,direct,0.381803,8,right_elbow,1,1,2.000000,631.400000,216.520000,2.000000,526.666687,260.000000,113.400076,56.523412,0,0.072000,0.000000
MP_T_Yoga_1,efficientpose,90,2.984846,ok,1,direct,0.381803,9,left_wrist,1,1,2.000000,698.180000,153.540000,2.000000,740.000000,206.666672,67.611801,56.523412,0,0.062000,0.000585
MP_T_Yoga_1,efficientpose,90,2.984846,ok,1,direct,0.381803,10,right_wrist,1,1,2.000000,679.490000,154.150000,2.000000,526.666687,220.000000,166.406693,56.523412,0,0.062000,0.000000
MP_T_Yoga_1,efficientpose,90,2.984846,ok,1,direct,0.381803,11,left_hip,1,1,2.000000,706.260000,416.570000,2.000000,713.333313,393.333344,24.289380,56.523412,1,0.107000,0.724277
MP_T_Yoga_1,efficientpose,90,2.984846,ok,1,direct,0.381803,12,right_hip,1,1,2.000000,661.580000,416.470000,2.000000,700.000000,406.666656,39.651002,56.523412,1,0.107000,0.423317
MP_T_Yoga_1,efficientpose,90,2.984846,ok,1,direct,0.381803,13,left_knee,1,1,2.000000,698.660000,561.120000,2.000000,700.000000,473.333344,87.796883,56.523412,0,0.087000,0.001703
MP_T_Yoga_1,efficientpose,90,2.984846,ok,1,direct,0.381803,14,right_knee,1,1,2.000000,586.820000,485.210000,2.000000,660.000000,473.333344,74.137490,56.523412,0,0.087000,0.010612
MP_T_Yoga_1,efficientpose,90,2.984846,ok,1,direct,0.381803,15,left_ankle,1,1,2.000000,685.020000,668.580000,2.000000,713.333313,633.333313,45.210316,56.523412,1,0.089000,0.198820
MP_T_Yoga_1,efficientpose,90,2.984846,ok,1,direct,0.381803,16,right_ankle,1,1,2.000000,672.100000,506.270000,2.000000,660.000000,646.666687,140.917138,56.523412,0,0.089000,0.000000
MP_T_Yoga_1,efficientpose,91,3.018011,ok,1,direct,0.391011,0,nose,1,1,2.000000,684.790000,241.580000,2.000000,660.000000,220.000000,32.867012,56.522157,1,0.026000,0.000045
MP_T_Yoga_1,efficientpose,91,3.018011,ok,1,direct,0.391011,1,left_eye,0,0,0.000000,0.000000,0.000000,2.000000,673.333313,206.666672,,,,0.025000,
MP_T_Yoga_1,efficientpose,91,3.018011,ok,1,direct,0.391011,2,right_eye,0,0,0.000000,0.000000,0.000000,2.000000,646.666687,206.666672,,,,0.025000,
MP_T_Yoga_1,efficientpose,91,3.018011,ok,1,direct,0.391011,3,left_ear,0,0,0.000000,0.000000,0.000000,2.000000,686.666687,193.333328,,,,0.035000,
MP_T_Yoga_1,efficientpose,91,3.018011,ok,1,direct,0.391011,4,right_ear,0,0,0.000000,0.000000,0.000000,2.000000,620.000000,220.000000,,,,0.035000,
MP_T_Yoga_1,efficientpose,91,3.018011,ok,1,direct,0.391011,5,left_shoulder,1,1,2.000000,727.670000,278.890000,2.000000,726.666687,233.333328,45.567719,56.522157,1,0.079000,0.124578
MP_T_Yoga_1,efficientpose,91,3.018011,ok,1,direct,0.391011,6,right_shoulder,1,1,2.000000,640.010000,286.300000,2.000000,580.000000,260.000000,65.520150,56.522157,0,0.079000,0.013486
MP_T_Yoga_1,efficientpose,91,3.018011,ok,1,direct,0.391011,7,left_elbow,1,1,2.000000,741.710000,207.730000,2.000000,753.333313,220.000000,16.901311,56.522157,1,0.072000,0.708249
MP_T_Yoga_1,efficientpose,91,3.018011,ok,1,direct,0.391011,8,right_elbow,1,1,2.000000,630.980000,216.690000,2.000000,526.666687,260.000000,112.946994,56.522157,0,0.072000,0.000000
MP_T_Yoga_1,efficientpose,91,3.018011,ok,1,direct,0.391011,9,left_wrist,1,1,2.000000,697.320000,153.400000,2.000000,740.000000,206.666672,68.256287,56.522157,0,0.062000,0.000507
MP_T_Yoga_1,efficientpose,91,3.018011,ok,1,direct,0.391011,10,right_wrist,1,1,2.000000,678.950000,153.860000,2.000000,526.666687,220.000000,166.026224,56.522157,0,0.062000,0.000000
MP_T_Yoga_1,efficientpose,91,3.018011,ok,1,direct,0.391011,11,left_hip,1,1,2.000000,706.250000,416.590000,2.000000,713.333313,406.666656,12.192049,56.522157,1,0.107000,0.921936
MP_T_Yoga_1,efficientpose,91,3.018011,ok,1,direct,0.391011,12,right_hip,1,1,2.000000,661.410000,416.510000,2.000000,713.333313,420.000000,52.040470,56.522157,1,0.107000,0.227447
MP_T_Yoga_1,efficientpose,91,3.018011,ok,1,direct,0.391011,13,left_knee,1,1,2.000000,698.550000,561.110000,2.000000,713.333313,460.000000,102.185021,56.522157,0,0.087000,0.000178
MP_T_Yoga_1,efficientpose,91,3.018011,ok,1,direct,0.391011,14,right_knee,1,1,2.000000,586.670000,484.370000,2.000000,673.333313,473.333344,87.363251,56.522157,0,0.087000,0.001813
MP_T_Yoga_1,efficientpose,91,3.018011,ok,1,direct,0.391011,15,left_ankle,1,1,2.000000,685.010000,668.550000,2.000000,713.333313,633.333313,45.193198,56.522157,1,0.089000,0.199049
MP_T_Yoga_1,efficientpose,91,3.018011,ok,1,direct,0.391011,16,right_ankle,1,1,2.000000,671.660000,506.260000,2.000000,686.666687,646.666687,141.206368,56.522157,0,0.089000,0.000000
MP_T_Yoga_1,efficientpose,92,3.051176,ok,1,direct,0.379633,0,nose,1,1,2.000000,684.450000,241.580000,2.000000,646.666687,220.000000,43.511782,56.522722,1,0.026000,0.000000
MP_T_Yoga_1,efficientpose,92,3.051176,ok,1,direct,0.379633,1,left_eye,0,0,0.000000,0.000000,0.000000,2.000000,660.000000,193.333328,,,,0.025000,
MP_T_Yoga_1,efficientpose,92,3.051176,ok,1,direct,0.379633,2,right_eye,0,0,0.000000,0.000000,0.000000,2.000000,646.666687,206.666672,,,,0.025000,
MP_T_Yoga_1,efficientpose,92,3.051176,ok,1,direct,0.379633,3,left_ear,0,0,0.000000,0.000000,0.000000,2.000000,700.000000,193.333328,,,,0.035000,
MP_T_Yoga_1,efficientpose,92,3.051176,ok,1,direct,0.379633,4,right_ear,0,0,0.000000,0.000000,0.000000,2.000000,606.666687,233.333328,,,,0.035000,
MP_T_Yoga_1,efficientpose,92,3.051176,ok,1,direct,0.379633,5,left_shoulder,1,1,2.000000,727.410000,278.850000,2.000000,726.666687,233.333328,45.522741,56.522722,1,0.079000,0.125096
MP_T_Yoga_1,efficientpose,92,3.051176,ok,1,direct,0.379633,6,right_shoulder,1,1,2.000000,639.810000,286.420000,2.000000,566.666687,260.000000,77.768635,56.522722,0,0.079000,0.002319
MP_T_Yoga_1,efficientpose,92,3.051176,ok,1,direct,0.379633,7,left_elbow,1,1,2.000000,741.520000,207.710000,2.000000,753.333313,220.000000,17.046949,56.522722,1,0.072000,0.704038
MP_T_Yoga_1,efficientpose,92,3.051176,ok,1,direct,0.379633,8,right_elbow,1,1,2.000000,630.570000,216.870000,2.000000,540.000000,260.000000,100.315113,56.522722,0,0.072000,0.000005
MP_T_Yoga_1,efficientpose,92,3.051176,ok,1,direct,0.379633,9,left_wrist,1,1,2.000000,696.460000,153.260000,2.000000,726.666687,206.666672,61.357286,56.522722,0,0.062000,0.002174
MP_T_Yoga_1,efficientpose,92,3.051176,ok,1,direct,0.379633,10,right_wrist,1,1,2.000000,678.410000,153.580000,2.000000,513.333313,220.000000,177.937992,56.522722,0,0.062000,0.000000
MP_T_Yoga_1,efficientpose,92,3.051176,ok,1,direct,0.379633,11,left_hip,1,1,2.000000,706.240000,416.600000,2.000000,713.333313,406.666656,12.205999,56.522722,1,0.107000,0.921766
MP_T_Yoga_1,efficientpose,92,3.051176,ok,1,direct,0.379633,12,right_hip,1,1,2.000000,661.240000,416.550000,2.000000,713.333313,420.000000,52.207430,56.522722,1,0.107000,0.225299
MP_T_Yoga_1,efficientpose,92,3.051176,ok,1,direct,0.379633,13,left_knee,1,1,2.000000,698.430000,561.100000,2.000000,713.333313,460.000000,102.192557,56.522722,0,0.087000,0.000177
MP_T_Yoga_1,efficientpose,92,3.051176,ok,1,direct,0.379633,14,right_knee,1,1,2.000000,586.510000,483.540000,2.000000,660.000000,473.333344,74.195390,56.522722,0,0.087000,0.010535
MP_T_Yoga_1,efficientpose,92,3.051176,ok,1,direct,0.379633,15,left_ankle,1,1,2.000000,684.990000,668.520000,2.000000,713.333313,633.333313,45.182368,56.522722,1,0.089000,0.199209
MP_T_Yoga_1,efficientpose,92,3.051176,ok,1,direct,0.379633,16,right_ankle,1,1,2.000000,671.230000,506.250000,2.000000,686.666687,646.666687,141.262654,56.522722,0,0.089000,0.000000
MP_T_Yoga_1,efficientpose,93,3.084341,ok,1,direct,0.272328,0,nose,1,1,2.000000,684.120000,241.580000,2.000000,633.333313,220.000000,55.181373,56.520186,1,0.026000,0.000000
MP_T_Yoga_1,efficientpose,93,3.084341,ok,1,direct,0.272328,1,left_eye,0,0,0.000000,0.000000,0.000000,2.000000,660.000000,206.666672,,,,0.025000,
MP_T_Yoga_1,efficientpose,93,3.084341,ok,1,direct,0.272328,2,right_eye,0,0,0.000000,0.000000,0.000000,2.000000,633.333313,206.666672,,,,0.025000,
MP_T_Yoga_1,efficientpose,93,3.084341,ok,1,direct,0.272328,3,left_ear,0,0,0.000000,0.000000,0.000000,2.000000,686.666687,193.333328,,,,0.035000,
MP_T_Yoga_1,efficientpose,93,3.084341,ok,1,direct,0.272328,4,right_ear,0,0,0.000000,0.000000,0.000000,2.000000,606.666687,220.000000,,,,0.035000,
MP_T_Yoga_1,efficientpose,93,3.084341,ok,1,direct,0.272328,5,left_shoulder,1,1,2.000000,727.150000,278.820000,2.000000,726.666687,233.333328,45.489239,56.520186,1,0.079000,0.125456
MP_T_Yoga_1,efficientpose,93,3.084341,ok,1,direct,0.272328,6,right_shoulder,1,1,2.000000,639.620000,286.540000,2.000000,540.000000,273.333344,100.491593,56.520186,0,0.079000,0.000040
MP_T_Yoga_1,efficientpose,93,3.084341,ok,1,direct,0.272328,7,left_elbow,1,1,2.000000,741.320000,207.690000,2.000000,740.000000,220.000000,12.380569,56.520186,1,0.072000,0.831010
MP_T_Yoga_1,efficientpose,93,3.084341,ok,1,direct,0.272328,8,right_elbow,1,1,2.000000,630.150000,217.050000,2.000000,526.666687,273.333344,117.799027,56.520186,0,0.072000,0.000000
MP_T_Yoga_1,efficientpose,93,3.084341,ok,1,direct,0.272328,9,left_wrist,1,1,2.000000,695.600000,153.110000,2.000000,726.666687,206.666672,61.914910,56.520186,0,0.062000,0.001943
MP_T_Yoga_1,efficientpose,93,3.084341,ok,1,direct,0.272328,10,right_wrist,1,1,2.000000,677.870000,153.290000,2.000000,513.333313,220.000000,177.545897,56.520186,0,0.062000,0.000000
MP_T_Yoga_1,efficientpose,93,3.084341,ok,1,direct,0.272328,11,left_hip,1,1,2.000000,706.230000,416.620000,2.000000,713.333313,406.666656,12.228087,56.520186,1,0.107000,0.921488
MP_T_Yoga_1,efficientpose,93,3.084341,ok,1,direct,0.272328,12,right_hip,1,1,2.000000,661.060000,416.590000,2.000000,713.333313,420.000000,52.384419,56.520186,1,0.107000,0.223000
MP_T_Yoga_1,efficientpose,93,3.084341,ok,1,direct,0.272328,13,left_knee,1,1,2.000000,698.320000,561.090000,2.000000,713.333313,473.333344,89.031625,56.520186,0,0.087000,0.001421
MP_T_Yoga_1,efficientpose,93,3.084341,ok,1,direct,0.272328,14,right_knee,1,1,2.000000,586.360000,482.700000,2.000000,673.333313,473.333344,87.476233,56.520186,0,0.087000,0.001783
MP_T_Yoga_1,efficientpose,93,3.084341,ok,1,direct,0.272328,15,left_ankle,1,1,2.000000,684.980000,668.490000,2.000000,713.333313,633.333313,45.165285,56.520186,1,0.089000,0.199424
MP_T_Yoga_1,efficientpose,93,3.084341,ok,1,direct,0.272328,16,right_ankle,1,1,2.000000,670.790000,506.240000,2.000000,686.666687,646.666687,141.321349,56.520186,0,0.089000,0.000000
MP_T_Yoga_1,efficientpose,94,3.117506,ok,1,direct,0.346060,0,nose,1,1,2.000000,683.790000,241.570000,2.000000,660.000000,206.666672,42.239868,56.518921,1,0.026000,0.000000
MP_T_Yoga_1,efficientpose,94,3.117506,ok,1,direct,0.346060,1,left_eye,0,0,0.000000,0.000000,0.000000,2.000000,673.333313,193.333328,,,,0.025000,
MP_T_Yoga_1,efficientpose,94,3.117506,ok,1,direct,0.346060,2,right_eye,0,0,0.000000,0.000000,0.000000,2.000000,646.666687,206.666672,,,,0.025000,
MP_T_Yoga_1,efficientpose,94,3.117506,ok,1,direct,0.346060,3,left_ear,0,0,0.000000,0.000000,0.000000,2.000000,700.000000,193.333328,,,,0.035000,
MP_T_Yoga_1,efficientpose,94,3.117506,ok,1,direct,0.346060,4,right_ear,0,0,0.000000,0.000000,0.000000,2.000000,620.000000,220.000000,,,,0.035000,
MP_T_Yoga_1,efficientpose,94,3.117506,ok,1,direct,0.346060,5,left_shoulder,1,1,2.000000,726.890000,278.780000,2.000000,726.666687,233.333328,45.447220,56.518921,1,0.079000,0.125926
MP_T_Yoga_1,efficientpose,94,3.117506,ok,1,direct,0.346060,6,right_shoulder,1,1,2.000000,639.430000,286.660000,2.000000,606.666687,260.000000,42.239677,56.518921,1,0.079000,0.166977
MP_T_Yoga_1,efficientpose,94,3.117506,ok,1,direct,0.346060,7,left_elbow,1,1,2.000000,741.130000,207.660000,2.000000,740.000000,206.666672,1.504527,56.518921,1,0.072000,0.997270
MP_T_Yoga_1,efficientpose,94,3.117506,ok,1,direct,0.346060,8,right_elbow,1,1,2.000000,629.730000,217.220000,2.000000,540.000000,273.333344,105.830904,56.518921,0,0.072000,0.000001
MP_T_Yoga_1,efficientpose,94,3.117506,ok,1,direct,0.346060,9,left_wrist,1,1,2.000000,694.740000,152.970000,2.000000,726.666687,206.666672,62.471161,56.518921,0,0.062000,0.001735
MP_T_Yoga_1,efficientpose,94,3.117506,ok,1,direct,0.346060,10,right_wrist,1,1,2.000000,677.340000,153.000000,2.000000,513.333313,220.000000,177.164312,56.518921,0,0.062000,0.000000
MP_T_Yoga_1,efficientpose,94,3.117506,ok,1,direct,0.346060,11,left_hip,1,1,2.000000,706.220000,416.640000,2.000000,713.333313,393.333344,24.368001,56.518921,1,0.107000,0.722727
MP_T_Yoga_1,efficientpose,94,3.117506,ok,1,direct,0.346060,12,right_hip,1,1,2.000000,660.890000,416.630000,2.000000,713.333313,406.666656,53.381357,56.518921,1,0.107000,0.210491
MP_T_Yoga_1,efficientpose,94,3.117506,ok,1,direct,0.346060,13,left_knee,1,1,2.000000,698.200000,561.090000,2.000000,700.000000,486.666656,74.445108,56.518921,0,0.087000,0.010211
MP_T_Yoga_1,efficientpose,94,3.117506,ok,1,direct,0.346060,14,right_knee,1,1,2.000000,586.210000,481.870000,2.000000,700.000000,486.666656,113.891053,56.518921,0,0.087000,0.000022
MP_T_Yoga_1,efficientpose,94,3.117506,ok,1,direct,0.346060,15,left_ankle,1,1,2.000000,684.970000,668.460000,2.000000,713.333313,633.333313,45.148219,56.518921,1,0.089000,0.199652
MP_T_Yoga_1,efficientpose,94,3.117506,ok,1,direct,0.346060,16,right_ankle,1,1,2.000000,670.350000,506.230000,2.000000,700.000000,646.666687,143.532524,56.518921,0,0.089000,0.000000
MP_T_Yoga_1,efficientpose,95,3.150671,ok,1,direct,0.394396,0,nose,1,1,2.000000,683.460000,241.570000,2.000000,660.000000,220.000000,31.869052,56.524230,1,0.026000,0.000082
MP_T_Yoga_1,efficientpose,95,3.150671,ok,1,direct,0.394396,1,left_eye,0,0,0.000000,0.000000,0.000000,2.000000,673.333313,206.666672,,,,0.025000,
MP_T_Yoga_1,efficientpose,95,3.150671,ok,1,direct,0.394396,2,right_eye,0,0,0.000000,0.000000,0.000000,2.000000,660.000000,206.666672,,,,0.025000,
MP_T_Yoga_1,efficientpose,95,3.150671,ok,1,direct,0.394396,3,left_ear,0,0,0.000000,0.000000,0.000000,2.000000,700.000000,206.666672,,,,0.035000,
MP_T_Yoga_1,efficientpose,95,3.150671,ok,1,direct,0.394396,4,right_ear,0,0,0.000000,0.000000,0.000000,2.000000,620.000000,220.000000,,,,0.035000,
MP_T_Yoga_1,efficientpose,95,3.150671,ok,1,direct,0.394396,5,left_shoulder,1,1,2.000000,726.630000,278.740000,2.000000,726.666687,233.333328,45.406687,56.524230,1,0.079000,0.126441
MP_T_Yoga_1,efficientpose,95,3.150671,ok,1,direct,0.394396,6,right_shoulder,1,1,2.000000,639.230000,286.770000,2.000000,606.666687,260.000000,42.154505,56.524230,1,0.079000,0.168241
MP_T_Yoga_1,efficientpose,95,3.150671,ok,1,direct,0.394396,7,left_elbow,1,1,2.000000,740.940000,207.640000,2.000000,740.000000,206.666672,1.353133,56.524230,1,0.072000,0.997792
MP_T_Yoga_1,efficientpose,95,3.150671,ok,1,direct,0.394396,8,right_elbow,1,1,2.000000,629.320000,217.400000,2.000000,553.333313,273.333344,94.353143,56.524230,0,0.072000,0.000021
MP_T_Yoga_1,efficientpose,95,3.150671,ok,1,direct,0.394396,9,left_wrist,1,1,2.000000,693.880000,152.830000,2.000000,726.666687,206.666672,63.034547,56.524230,0,0.062000,0.001549
MP_T_Yoga_1,efficientpose,95,3.150671,ok,1,direct,0.394396,10,right_wrist,1,1,2.000000,676.800000,152.720000,2.000000,513.333313,206.666672,172.138320,56.524230,0,0.062000,0.000000
MP_T_Yoga_1,efficientpose,95,3.150671,ok,1,direct,0.394396,11,left_hip,1,1,2.000000,706.210000,416.660000,2.000000,713.333313,406.666656,12.272266,56.524230,1,0.107000,0.920953
MP_T_Yoga_1,efficientpose,95,3.150671,ok,1,direct,0.394396,12,right_hip,1,1,2.000000,660.720000,416.670000,2.000000,700.000000,406.666656,40.533755,56.524230,1,0.107000,0.407257
MP_T_Yoga_1,efficientpose,95,3.150671,ok,1,direct,0.394396,13,left_knee,1,1,2.000000,698.090000,561.080000,2.000000,700.000000,486.666656,74.437852,56.524230,0,0.087000,0.010228
MP_T_Yoga_1,efficientpose,95,3.150671,ok,1,direct,0.394396,14,right_knee,1,1,2.000000,586.060000,481.030000,2.000000,660.000000,473.333344,74.339506,56.524230,0,0.087000,0.010353
MP_T_Yoga_1,efficientpose,95,3.150671,ok,1,direct,0.394396,15,left_ankle,1,1,2.000000,684.960000,668.440000,2.000000,713.333313,633.333313,45.138945,56.524230,1,0.089000,0.199845
MP_T_Yoga_1,efficientpose,95,3.150671,ok,1,direct,0.394396,16,right_ankle,1,1,2.000000,669.920000,506.210000,2.000000,660.000000,646.666687,140.806560,56.524230,0,0.089000,0.000000
MP_T_Yoga_1,efficientpose,96,3.183836,ok,1,direct,0.323351,0,nose,1,1,2.000000,682.850000,241.800000,2.000000,660.000000,220.000000,31.581047,56.386508,1,0.026000,0.000093
MP_T_Yoga_1,efficientpose,96,3.183836,ok,1,direct,0.323351,1,left_eye,0,0,0.000000,0.000000,0.000000,2.000000,673.333313,206.666672,,,,0.025000,
MP_T_Yoga_1,efficientpose,96,3.183836,ok,1,direct,0.323351,2,right_eye,0,0,0.000000,0.000000,0.000000,2.000000,660.000000,206.666672,,,,0.025000,
MP_T_Yoga_1,efficientpose,96,3.183836,ok,1,direct,0.323351,3,left_ear,0,0,0.000000,0.000000,0.000000,2.000000,700.000000,206.666672,,,,0.035000,
MP_T_Yoga_1,efficientpose,96,3.183836,ok,1,direct,0.323351,4,right_ear,0,0,0.000000,0.000000,0.000000,2.000000,620.000000,220.000000,,,,0.035000,
MP_T_Yoga_1,efficientpose,96,3.183836,ok,1,direct,0.323351,5,left_shoulder,1,1,2.000000,726.370000,278.710000,2.000000,726.666687,233.333328,45.377642,56.386508,1,0.079000,0.125502
MP_T_Yoga_1,efficientpose,96,3.183836,ok,1,direct,0.323351,6,right_shoulder,1,1,2.000000,639.040000,286.890000,2.000000,593.333313,246.666672,60.885280,56.386508,0,0.079000,0.023840
MP_T_Yoga_1,efficientpose,96,3.183836,ok,1,direct,0.323351,7,left_elbow,1,1,2.000000,740.750000,207.610000,2.000000,740.000000,206.666672,1.205142,56.386508,1,0.072000,0.998239
MP_T_Yoga_1,efficientpose,96,3.183836,ok,1,direct,0.323351,8,right_elbow,1,1,2.000000,628.900000,217.570000,2.000000,540.000000,273.333344,104.941700,56.386508,0,0.072000,0.000002
MP_T_Yoga_1,efficientpose,96,3.183836,ok,1,direct,0.323351,9,left_wrist,1,1,2.000000,693.680000,152.870000,2.000000,726.666687,206.666672,63.104702,56.386508,0,0.062000,0.001479
MP_T_Yoga_1,efficientpose,96,3.183836,ok,1,direct,0.323351,10,right_wrist,1,1,2.000000,676.220000,152.910000,2.000000,513.333313,206.666672,171.527994,56.386508,0,0.062000,0.000000
MP_T_Yoga_1,efficientpose,96,3.183836,ok,1,direct,0.323351,11,left_hip,1,1,2.000000,706.200000,416.680000,2.000000,726.666687,406.666656,22.784914,56.386508,1,0.107000,0.751836
MP_T_Yoga_1,efficientpose,96,3.183836,ok,1,direct,0.323351,12,right_hip,1,1,2.000000,660.550000,416.700000,2.000000,713.333313,420.000000,52.886370,56.386508,1,0.107000,0.215082
MP_T_Yoga_1,efficientpose,96,3.183836,ok,1,direct,0.323351,13,left_knee,1,1,2.000000,697.970000,561.070000,2.000000,713.333313,486.666656,75.972949,56.386508,0,0.087000,0.008255
MP_T_Yoga_1,efficientpose,96,3.183836,ok,1,direct,0.323351,14,right_knee,1,1,2.000000,586.570000,481.200000,2.000000,646.666687,473.333344,60.609373,56.386508,0,0.087000,0.047219
MP_T_Yoga_1,efficientpose,96,3.183836,ok,1,direct,0.323351,15,left_ankle,1,1,2.000000,684.950000,668.410000,2.000000,713.333313,633.333313,45.121906,56.386508,1,0.089000,0.198520
MP_T_Yoga_1,efficientpose,96,3.183836,ok,1,direct,0.323351,16,right_ankle,1,1,2.000000,669.830000,506.730000,2.000000,660.000000,646.666687,140.281521,56.386508,0,0.089000,0.000000
MP_T_Yoga_1,efficientpose,97,3.217001,ok,1,direct,0.457576,0,nose,1,1,2.000000,682.240000,242.020000,2.000000,660.000000,220.000000,31.296933,56.255828,1,0.026000,0.000105
MP_T_Yoga_1,efficientpose,97,3.217001,ok,1,direct,0.457576,1,left_eye,0,0,0.000000,0.000000,0.000000,2.000000,673.333313,220.000000,,,,0.025000,
MP_T_Yoga_1,efficientpose,97,3.217001,ok,1,direct,0.457576,2,right_eye,0,0,0.000000,0.000000,0.000000,2.000000,646.666687,220.000000,,,,0.025000,
MP_T_Yoga_1,efficientpose,97,3.217001,ok,1,direct,0.457576,3,left_ear,0,0,0.000000,0.000000,0.000000,2.000000,700.000000,220.000000,,,,0.035000,
MP_T_Yoga_1,efficientpose,97,3.217001,ok,1,direct,0.457576,4,right_ear,0,0,0.000000,0.000000,0.000000,2.000000,620.000000,220.000000,,,,0.035000,
MP_T_Yoga_1,efficientpose,97,3.217001,ok,1,direct,0.457576,5,left_shoulder,1,1,2.000000,726.110000,278.670000,2.000000,713.333313,233.333328,47.102628,56.255828,1,0.079000,0.105755
MP_T_Yoga_1,efficientpose,97,3.217001,ok,1,direct,0.457576,6,right_shoulder,1,1,2.000000,638.850000,287.010000,2.000000,593.333313,246.666672,60.822306,56.255828,0,0.079000,0.023612
MP_T_Yoga_1,efficientpose,97,3.217001,ok,1,direct,0.457576,7,left_elbow,1,1,2.000000,740.560000,207.590000,2.000000,753.333313,220.000000,17.809144,56.255828,1,0.072000,0.679330
MP_T_Yoga_1,efficientpose,97,3.217001,ok,1,direct,0.457576,8,right_elbow,1,1,2.000000,628.490000,217.750000,2.000000,540.000000,273.333344,104.498747,56.255828,0,0.072000,0.000002
MP_T_Yoga_1,efficientpose,97,3.217001,ok,1,direct,0.457576,9,left_wrist,1,1,2.000000,693.490000,152.920000,2.000000,726.666687,206.666672,63.161676,56.255828,0,0.062000,0.001418
MP_T_Yoga_1,efficientpose,97,3.217001,ok,1,direct,0.457576,10,right_wrist,1,1,2.000000,675.650000,153.100000,2.000000,513.333313,220.000000,175.562857,56.255828,0,0.062000,0.000000
MP_T_Yoga_1,efficientpose,97,3.217001,ok,1,direct,0.457576,11,left_hip,1,1,2.000000,706.190000,416.700000,2.000000,726.666687,406.666656,22.802690,56.255828,1,0.107000,0.750503
MP_T_Yoga_1,efficientpose,97,3.217001,ok,1,direct,0.457576,12,right_hip,1,1,2.000000,660.370000,416.740000,2.000000,686.666687,406.666656,28.160043,56.255828,1,0.107000,0.645508
MP_T_Yoga_1,efficientpose,97,3.217001,ok,1,direct,0.457576,13,left_knee,1,1,2.000000,697.860000,561.070000,2.000000,713.333313,486.666656,75.995269,56.255828,0,0.087000,0.008050
MP_T_Yoga_1,efficientpose,97,3.217001,ok,1,direct,0.457576,14,right_knee,1,1,2.000000,587.070000,481.360000,2.000000,646.666687,473.333344,60.134785,56.255828,0,0.087000,0.048835
MP_T_Yoga_1,efficientpose,97,3.217001,ok,1,direct,0.457576,15,left_ankle,1,1,2.000000,684.940000,668.380000,2.000000,713.333313,633.333313,45.104883,56.255828,1,0.089000,0.197274
MP_T_Yoga_1,efficientpose,97,3.217001,ok,1,direct,0.457576,16,right_ankle,1,1,2.000000,669.740000,507.240000,2.000000,660.000000,646.666687,139.766479,56.255828,0,0.089000,0.000000
MP_T_Yoga_1,efficientpose,98,3.250166,ok,1,direct,0.427141,0,nose,1,1,2.000000,681.630000,242.240000,2.000000,660.000000,220.000000,31.023773,56.123047,1,0.026000,0.000119
MP_T_Yoga_1,efficientpose,98,3.250166,ok,1,direct,0.427141,1,left_eye,0,0,0.000000,0.000000,0.000000,2.000000,686.666687,206.666672,,,,0.025000,
MP_T_Yoga_1,efficientpose,98,3.250166,ok,1,direct,0.427141,2,right_eye,0,0,0.000000,0.000000,0.000000,2.000000,660.000000,220.000000,,,,0.025000,
MP_T_Yoga_1,efficientpose,98,3.250166,ok,1,direct,0.427141,3,left_ear,0,0,0.000000,0.000000,0.000000,2.000000,700.000000,220.000000,,,,0.035000,
MP_T_Yoga_1,efficientpose,98,3.250166,ok,1,direct,0.427141,4,right_ear,0,0,0.000000,0.000000,0.000000,2.000000,620.000000,220.000000,,,,0.035000,
MP_T_Yoga_1,efficientpose,98,3.250166,ok,1,direct,0.427141,5,left_shoulder,1,1,2.000000,725.850000,278.630000,2.000000,726.666687,220.000000,58.635688,56.123047,0,0.079000,0.030258
MP_T_Yoga_1,efficientpose,98,3.250166,ok,1,direct,0.427141,6,right_shoulder,1,1,2.000000,638.660000,287.130000,2.000000,593.333313,246.666672,60.760098,56.123047,0,0.079000,0.023376
MP_T_Yoga_1,efficientpose,98,3.250166,ok,1,direct,0.427141,7,left_elbow,1,1,2.000000,740.360000,207.570000,2.000000,753.333313,220.000000,17.966963,56.123047,1,0.072000,0.673414
MP_T_Yoga_1,efficientpose,98,3.250166,ok,1,direct,0.427141,8,right_elbow,1,1,2.000000,628.070000,217.930000,2.000000,540.000000,260.000000,97.602304,56.123047,0,0.072000,0.000009
MP_T_Yoga_1,efficientpose,98,3.250166,ok,1,direct,0.427141,9,left_wrist,1,1,2.000000,693.300000,152.970000,2.000000,726.666687,206.666672,63.219209,56.123047,0,0.062000,0.001358
MP_T_Yoga_1,efficientpose,98,3.250166,ok,1,direct,0.427141,10,right_wrist,1,1,2.000000,675.070000,153.290000,2.000000,513.333313,220.000000,174.954223,56.123047,0,0.062000,0.000000
MP_T_Yoga_1,efficientpose,98,3.250166,ok,1,direct,0.427141,11,left_hip,1,1,2.000000,706.190000,416.720000,2.000000,726.666687,406.666656,22.811498,56.123047,1,0.107000,0.749316
MP_T_Yoga_1,efficientpose,98,3.250166,ok,1,direct,0.427141,12,right_hip,1,1,2.000000,660.200000,416.780000,2.000000,700.000000,406.666656,41.064823,56.123047,1,0.107000,0.392494
MP_T_Yoga_1,efficientpose,98,3.250166,ok,1,direct,0.427141,13,left_knee,1,1,2.000000,697.740000,561.060000,2.000000,713.333313,486.666656,76.010006,56.123047,0,0.087000,0.007854
MP_T_Yoga_1,efficientpose,98,3.250166,ok,1,direct,0.427141,14,right_knee,1,1,2.000000,587.570000,481.530000,2.000000,646.666687,473.333344,59.662414,56.123047,0,0.087000,0.050482
MP_T_Yoga_1,efficientpose,98,3.250166,ok,1,direct,0.427141,15,left_ankle,1,1,2.000000,684.930000,668.350000,2.000000,713.333313,633.333313,45.087876,56.123047,1,0.089000,0.196004
MP_T_Yoga_1,efficientpose,98,3.250166,ok,1,direct,0.427141,16,right_ankle,1,1,2.000000,669.650000,507.750000,2.000000,673.333313,646.666687,138.965509,56.123047,0,0.089000,0.000000
MP_T_Yoga_1,efficientpose,99,3.283331,ok,1,direct,0.425889,0,nose,1,1,2.000000,681.020000,242.460000,2.000000,660.000000,220.000000,30.761860,55.992375,1,0.026000,0.000132
MP_T_Yoga_1,efficientpose,99,3.283331,ok,1,direct,0.425889,1,left_eye,0,0,0.000000,0.000000,0.000000,2.000000,673.333313,220.000000,,,,0.025000,
MP_T_Yoga_1,efficientpose,99,3.283331,ok,1,direct,0.425889,2,right_eye,0,0,0.000000,0.000000,0.000000,2.000000,646.666687,220.000000,,,,0.025000,
MP_T_Yoga_1,efficientpose,99,3.283331,ok,1,direct,0.425889,3,left_ear,0,0,0.000000,0.000000,0.000000,2.000000,700.000000,220.000000,,,,0.035000,
MP_T_Yoga_1,efficientpose,99,3.283331,ok,1,direct,0.425889,4,right_ear,0,0,0.000000,0.000000,0.000000,2.000000,620.000000,220.000000,,,,0.035000,
MP_T_Yoga_1,efficientpose,99,3.283331,ok,1,direct,0.425889,5,left_shoulder,1,1,2.000000,725.590000,278.590000,2.000000,713.333313,220.000000,59.858287,55.992375,0,0.079000,0.025671
MP_T_Yoga_1,efficientpose,99,3.283331,ok,1,direct,0.425889,6,right_shoulder,1,1,2.000000,638.460000,287.250000,2.000000,593.333313,246.666672,60.691222,55.992375,0,0.079000,0.023167
MP_T_Yoga_1,efficientpose,99,3.283331,ok,1,direct,0.425889,7,left_elbow,1,1,2.000000,740.170000,207.540000,2.000000,740.000000,206.666672,0.889720,55.992375,1,0.072000,0.999026
MP_T_Yoga_1,efficientpose,99,3.283331,ok,1,direct,0.425889,8,right_elbow,1,1,2.000000,627.650000,218.100000,2.000000,540.000000,260.000000,97.150051,55.992375,0,0.072000,0.000009
MP_T_Yoga_1,efficientpose,99,3.283331,ok,1,direct,0.425889,9,left_wrist,1,1,2.000000,693.110000,153.020000,2.000000,713.333313,193.333328,45.101517,55.992375,1,0.062000,0.034192
MP_T_Yoga_1,efficientpose,99,3.283331,ok,1,direct,0.425889,10,right_wrist,1,1,2.000000,674.500000,153.480000,2.000000,513.333313,206.666672,169.716007,55.992375,0,0.062000,0.000000
MP_T_Yoga_1,efficientpose,99,3.283331,ok,1,direct,0.425889,11,left_hip,1,1,2.000000,706.180000,416.740000,2.000000,726.666687,406.666656,22.829292,55.992375,1,0.107000,0.747968
MP_T_Yoga_1,efficientpose,99,3.283331,ok,1,direct,0.425889,12,right_hip,1,1,2.000000,660.030000,416.820000,2.000000,700.000000,406.666656,41.239438,55.992375,1,0.107000,0.387666
MP_T_Yoga_1,efficientpose,99,3.283331,ok,1,direct,0.425889,13,left_knee,1,1,2.000000,697.630000,561.050000,2.000000,713.333313,486.666656,76.022864,55.992375,0,0.087000,0.007665
MP_T_Yoga_1,efficientpose,99,3.283331,ok,1,direct,0.425889,14,right_knee,1,1,2.000000,588.070000,481.700000,2.000000,660.000000,473.333344,72.414956,55.992375,0,0.087000,0.012038
MP_T_Yoga_1,efficientpose,99,3.283331,ok,1,direct,0.425889,15,left_ankle,1,1,2.000000,684.920000,668.330000,2.000000,713.333313,633.333313,45.078647,55.992375,1,0.089000,0.194647
MP_T_Yoga_1,efficientpose,99,3.283331,ok,1,direct,0.425889,16,right_ankle,1,1,2.000000,669.570000,508.260000,2.000000,673.333313,646.666687,138.457840,55.992375,0,0.089000,0.000000
MP_T_Yoga_1,efficientpose,100,3.316496,ok,1,direct,0.377329,0,nose,1,1,2.000000,680.410000,242.690000,2.000000,660.000000,220.000000,30.518915,55.859045,1,0.026000,0.000146
MP_T_Yoga_1,efficientpose,100,3.316496,ok,1,direct,0.377329,1,left_eye,0,0,0.000000,0.000000,0.000000,2.000000,673.333313,206.666672,,,,0.025000,
MP_T_Yoga_1,efficientpose,100,3.316496,ok,1,direct,0.377329,2,right_eye,0,0,0.000000,0.000000,0.000000,2.000000,633.333313,220.000000,,,,0.025000,
MP_T_Yoga_1,efficientpose,100,3.316496,ok,1,direct,0.377329,3,left_ear,0,0,0.000000,0.000000,0.000000,2.000000,686.666687,206.666672,,,,0.035000,
MP_T_Yoga_1,efficientpose,100,3.316496,ok,1,direct,0.377329,4,right_ear,0,0,0.000000,0.000000,0.000000,2.000000,620.000000,206.666672,,,,0.035000,
MP_T_Yoga_1,efficientpose,100,3.316496,ok,1,direct,0.377329,5,left_shoulder,1,1,2.000000,725.330000,278.560000,2.000000,726.666687,206.666672,71.905753,55.859045,0,0.079000,0.004941
MP_T_Yoga_1,efficientpose,100,3.316496,ok,1,direct,0.377329,6,right_shoulder,1,1,2.000000,638.270000,287.370000,2.000000,580.000000,233.333328,79.469207,55.859045,0,0.079000,0.001524
MP_T_Yoga_1,efficientpose,100,3.316496,ok,1,direct,0.377329,7,left_elbow,1,1,2.000000,739.980000,207.520000,2.000000,740.000000,220.000000,12.480016,55.859045,1,0.072000,0.824829
MP_T_Yoga_1,efficientpose,100,3.316496,ok,1,direct,0.377329,8,right_elbow,1,1,2.000000,627.240000,218.280000,2.000000,526.666687,260.000000,108.883193,55.859045,0,0.072000,0.000000
MP_T_Yoga_1,efficientpose,100,3.316496,ok,1,direct,0.377329,9,left_wrist,1,1,2.000000,692.920000,153.070000,2.000000,713.333313,193.333328,45.142430,55.859045,1,0.062000,0.033438
MP_T_Yoga_1,efficientpose,100,3.316496,ok,1,direct,0.377329,10,right_wrist,1,1,2.000000,673.920000,153.680000,2.000000,513.333313,206.666672,169.102547,55.859045,0,0.062000,0.000000
MP_T_Yoga_1,efficientpose,100,3.316496,ok,1,direct,0.377329,11,left_hip,1,1,2.000000,706.170000,416.760000,2.000000,726.666687,406.666656,22.847095,55.859045,1,0.107000,0.746590
MP_T_Yoga_1,efficientpose,100,3.316496,ok,1,direct,0.377329,12,right_hip,1,1,2.000000,659.850000,416.860000,2.000000,713.333313,420.000000,53.575408,55.859045,1,0.107000,0.200495
MP_T_Yoga_1,efficientpose,100,3.316496,ok,1,direct,0.377329,13,left_knee,1,1,2.000000,697.510000,561.040000,2.000000,700.000000,473.333344,87.741995,55.859045,0,0.087000,0.001474
MP_T_Yoga_1,efficientpose,100,3.316496,ok,1,direct,0.377329,14,right_knee,1,1,2.000000,588.580000,481.860000,2.000000,646.666687,473.333344,58.709174,55.859045,0,0.087000,0.053994
MP_T_Yoga_1,efficientpose,100,3.316496,ok,1,direct,0.377329,15,left_ankle,1,1,2.000000,684.910000,668.300000,2.000000,713.333313,633.333313,45.061668,55.859045,1,0.089000,0.193370
MP_T_Yoga_1,efficientpose,100,3.316496,ok,1,direct,0.377329,16,right_ankle,1,1,2.000000,669.480000,508.770000,2.000000,673.333313,646.666687,137.950514,55.859045,0,0.089000,0.000000
MP_T_Yoga_1,efficientpose,101,3.349661,ok,1,direct,0.411513,0,nose,1,1,2.000000,679.790000,242.910000,2.000000,660.000000,233.333328,21.985376,56.152541,1,0.026000,0.010723
MP_T_Yoga_1,efficientpose,101,3.349661,ok,1,direct,0.411513,1,left_eye,0,0,0.000000,0.000000,0.000000,2.000000,673.333313,220.000000,,,,0.025000,
MP_T_Yoga_1,efficientpose,101,3.349661,ok,1,direct,0.411513,2,right_eye,0,0,0.000000,0.000000,0.000000,2.000000,646.666687,233.333328,,,,0.025000,
MP_T_Yoga_1,efficientpose,101,3.349661,ok,1,direct,0.411513,3,left_ear,0,0,0.000000,0.000000,0.000000,2.000000,686.666687,220.000000,,,,0.035000,
MP_T_Yoga_1,efficientpose,101,3.349661,ok,1,direct,0.411513,4,right_ear,0,0,0.000000,0.000000,0.000000,2.000000,620.000000,220.000000,,,,0.035000,
MP_T_Yoga_1,efficientpose,101,3.349661,ok,1,direct,0.411513,5,left_shoulder,1,1,2.000000,725.070000,278.520000,2.000000,726.666687,220.000000,58.541778,56.152541,0,0.079000,0.030711
MP_T_Yoga_1,efficientpose,101,3.349661,ok,1,direct,0.411513,6,right_shoulder,1,1,2.000000,638.080000,287.490000,2.000000,580.000000,246.666672,70.991764,56.152541,0,0.079000,0.005963
MP_T_Yoga_1,efficientpose,101,3.349661,ok,1,direct,0.411513,7,left_elbow,1,1,2.000000,740.760000,207.570000,2.000000,753.333313,206.666672,12.605721,56.152541,1,0.072000,0.823304
MP_T_Yoga_1,efficientpose,101,3.349661,ok,1,direct,0.411513,8,right_elbow,1,1,2.000000,626.020000,218.500000,2.000000,526.666687,260.000000,107.672331,56.152541,0,0.072000,0.000001
MP_T_Yoga_1,efficientpose,101,3.349661,ok,1,direct,0.411513,9,left_wrist,1,1,2.000000,696.690000,150.960000,2.000000,726.666687,193.333328,51.904727,56.152541,1,0.062000,0.011731
MP_T_Yoga_1,efficientpose,101,3.349661,ok,1,direct,0.411513,10,right_wrist,1,1,2.000000,670.420000,152.790000,2.000000,513.333313,206.666672,166.069031,56.152541,0,0.062000,0.000000
MP_T_Yoga_1,efficientpose,101,3.349661,ok,1,direct,0.411513,11,left_hip,1,1,2.000000,706.160000,416.780000,2.000000,726.666687,420.000000,20.757953,56.152541,1,0.107000,0.787634
MP_T_Yoga_1,efficientpose,101,3.349661,ok,1,direct,0.411513,12,right_hip,1,1,2.000000,659.680000,416.900000,2.000000,713.333313,420.000000,53.742795,56.152541,1,0.107000,0.201864
MP_T_Yoga_1,efficientpose,101,3.349661,ok,1,direct,0.411513,13,left_knee,1,1,2.000000,697.400000,561.040000,2.000000,713.333313,473.333344,89.142179,56.152541,0,0.087000,0.001282
MP_T_Yoga_1,efficientpose,101,3.349661,ok,1,direct,0.411513,14,right_knee,1,1,2.000000,588.380000,481.450000,2.000000,646.666687,473.333344,58.849112,56.152541,0,0.087000,0.054900
MP_T_Yoga_1,efficientpose,101,3.349661,ok,1,direct,0.411513,15,left_ankle,1,1,2.000000,684.890000,668.270000,2.000000,713.333313,633.333313,45.051017,56.152541,1,0.089000,0.196862
MP_T_Yoga_1,efficientpose,101,3.349661,ok,1,direct,0.411513,16,right_ankle,1,1,2.000000,669.390000,509.370000,2.000000,673.333313,646.666687,137.353303,56.152541,0,0.089000,0.000000
MP_T_Yoga_1,efficientpose,102,3.382826,ok,1,direct,0.388826,0,nose,1,1,2.000000,679.180000,243.130000,2.000000,660.000000,233.333328,21.537112,56.444116,1,0.026000,0.013468
MP_T_Yoga_1,efficientpose,102,3.382826,ok,1,direct,0.388826,1,left_eye,0,0,0.000000,0.000000,0.000000,2.000000,673.333313,233.333328,,,,0.025000,
MP_T_Yoga_1,efficientpose,102,3.382826,ok,1,direct,0.388826,2,right_eye,0,0,0.000000,0.000000,0.000000,2.000000,633.333313,233.333328,,,,0.025000,
MP_T_Yoga_1,efficientpose,102,3.382826,ok,1,direct,0.388826,3,left_ear,0,0,0.000000,0.000000,0.000000,2.000000,686.666687,233.333328,,,,0.035000,
MP_T_Yoga_1,efficientpose,102,3.382826,ok,1,direct,0.388826,4,right_ear,0,0,0.000000,0.000000,0.000000,2.000000,620.000000,233.333328,,,,0.035000,
MP_T_Yoga_1,efficientpose,102,3.382826,ok,1,direct,0.388826,5,left_shoulder,1,1,2.000000,724.810000,278.480000,2.000000,726.666687,233.333328,45.184834,56.444116,1,0.079000,0.128267
MP_T_Yoga_1,efficientpose,102,3.382826,ok,1,direct,0.388826,6,right_shoulder,1,1,2.000000,637.890000,287.610000,2.000000,566.666687,260.000000,76.387646,56.444116,0,0.079000,0.002825
MP_T_Yoga_1,efficientpose,102,3.382826,ok,1,direct,0.388826,7,left_elbow,1,1,2.000000,741.540000,207.630000,2.000000,753.333313,206.666672,11.832592,56.444116,1,0.072000,0.844048
MP_T_Yoga_1,efficientpose,102,3.382826,ok,1,direct,0.388826,8,right_elbow,1,1,2.000000,624.800000,218.720000,2.000000,513.333313,260.000000,118.864884,56.444116,0,0.072000,0.000000
MP_T_Yoga_1,efficientpose,102,3.382826,ok,1,direct,0.388826,9,left_wrist,1,1,2.000000,700.470000,148.850000,2.000000,726.666687,193.333328,51.623957,56.444116,1,0.062000,0.012878
MP_T_Yoga_1,efficientpose,102,3.382826,ok,1,direct,0.388826,10,right_wrist,1,1,2.000000,666.920000,151.900000,2.000000,500.000000,206.666672,175.674912,56.444116,0,0.062000,0.000000
MP_T_Yoga_1,efficientpose,102,3.382826,ok,1,direct,0.388826,11,left_hip,1,1,2.000000,706.150000,416.800000,2.000000,726.666687,420.000000,20.764740,56.444116,1,0.107000,0.789452
MP_T_Yoga_1,efficientpose,102,3.382826,ok,1,direct,0.388826,12,right_hip,1,1,2.000000,659.510000,416.930000,2.000000,713.333313,420.000000,53.910796,56.444116,1,0.107000,0.203195
MP_T_Yoga_1,efficientpose,102,3.382826,ok,1,direct,0.388826,13,left_knee,1,1,2.000000,697.280000,561.030000,2.000000,713.333313,473.333344,89.153869,56.444116,0,0.087000,0.001371
MP_T_Yoga_1,efficientpose,102,3.382826,ok,1,direct,0.388826,14,right_knee,1,1,2.000000,588.190000,481.040000,2.000000,633.333313,473.333344,45.796411,56.444116,1,0.087000,0.175613
MP_T_Yoga_1,efficientpose,102,3.382826,ok,1,direct,0.388826,15,left_ankle,1,1,2.000000,684.880000,668.240000,2.000000,713.333313,633.333313,45.034074,56.444116,1,0.089000,0.200429
MP_T_Yoga_1,efficientpose,102,3.382826,ok,1,direct,0.388826,16,right_ankle,1,1,2.000000,669.300000,509.970000,2.000000,566.666687,620.000000,150.466600,56.444116,0,0.089000,0.000000
MP_T_Yoga_1,efficientpose,103,3.415991,ok,1,direct,0.330822,0,nose,1,1,2.000000,678.570000,243.350000,2.000000,646.666687,233.333328,33.438826,56.735615,1,0.026000,0.000034
MP_T_Yoga_1,efficientpose,103,3.415991,ok,1,direct,0.330822,1,left_eye,0,0,0.000000,0.000000,0.000000,2.000000,673.333313,220.000000,,,,0.025000,
MP_T_Yoga_1,efficientpose,103,3.415991,ok,1,direct,0.330822,2,right_eye,0,0,0.000000,0.000000,0.000000,2.000000,633.333313,233.333328,,,,0.025000,
MP_T_Yoga_1,efficientpose,103,3.415991,ok,1,direct,0.330822,3,left_ear,0,0,0.000000,0.000000,0.000000,2.000000,700.000000,233.333328,,,,0.035000,
MP_T_Yoga_1,efficientpose,103,3.415991,ok,1,direct,0.330822,4,right_ear,0,0,0.000000,0.000000,0.000000,2.000000,620.000000,233.333328,,,,0.035000,
MP_T_Yoga_1,efficientpose,103,3.415991,ok,1,direct,0.330822,5,left_shoulder,1,1,2.000000,724.550000,278.450000,2.000000,726.666687,233.333328,45.166298,56.735615,1,0.079000,0.131214
MP_T_Yoga_1,efficientpose,103,3.415991,ok,1,direct,0.330822,6,right_shoulder,1,1,2.000000,637.690000,287.730000,2.000000,566.666687,260.000000,76.244763,56.735615,0,0.079000,0.003066
MP_T_Yoga_1,efficientpose,103,3.415991,ok,1,direct,0.330822,7,left_elbow,1,1,2.000000,742.310000,207.680000,2.000000,753.333313,206.666672,11.069791,56.735615,1,0.072000,0.863406
MP_T_Yoga_1,efficientpose,103,3.415991,ok,1,direct,0.330822,8,right_elbow,1,1,2.000000,623.570000,218.950000,2.000000,526.666687,260.000000,105.239510,56.735615,0,0.072000,0.000002
MP_T_Yoga_1,efficientpose,103,3.415991,ok,1,direct,0.330822,9,left_wrist,1,1,2.000000,704.240000,146.740000,2.000000,740.000000,193.333328,58.734282,56.735615,0,0.062000,0.003788
MP_T_Yoga_1,efficientpose,103,3.415991,ok,1,direct,0.330822,10,right_wrist,1,1,2.000000,663.430000,151.010000,2.000000,500.000000,206.666672,172.647126,56.735615,0,0.062000,0.000000
MP_T_Yoga_1,efficientpose,103,3.415991,ok,1,direct,0.330822,11,left_hip,1,1,2.000000,706.140000,416.820000,2.000000,740.000000,420.000000,34.008999,56.735615,1,0.107000,0.533829
MP_T_Yoga_1,efficientpose,103,3.415991,ok,1,direct,0.330822,12,right_hip,1,1,2.000000,659.340000,416.970000,2.000000,713.333313,420.000000,54.078265,56.735615,1,0.107000,0.204524
MP_T_Yoga_1,efficientpose,103,3.415991,ok,1,direct,0.330822,13,left_knee,1,1,2.000000,697.170000,561.020000,2.000000,713.333313,486.666656,76.089897,56.735615,0,0.087000,0.008629
MP_T_Yoga_1,efficientpose,103,3.415991,ok,1,direct,0.330822,14,right_knee,1,1,2.000000,587.990000,480.620000,2.000000,633.333313,486.666656,45.744706,56.735615,1,0.087000,0.179468
MP_T_Yoga_1,efficientpose,103,3.415991,ok,1,direct,0.330822,15,left_ankle,1,1,2.000000,684.870000,668.210000,2.000000,713.333313,633.333313,45.017147,56.735615,1,0.089000,0.204002
MP_T_Yoga_1,efficientpose,103,3.415991,ok,1,direct,0.330822,16,right_ankle,1,1,2.000000,669.210000,510.570000,2.000000,553.333313,620.000000,159.381089,56.735615,0,0.089000,0.000000
MP_T_Yoga_1,efficientpose,104,3.449156,ok,1,direct,0.282461,0,nose,1,1,2.000000,677.960000,243.570000,2.000000,660.000000,220.000000,29.632862,57.027584,1,0.026000,0.000339
MP_T_Yoga_1,efficientpose,104,3.449156,ok,1,direct,0.282461,1,left_eye,0,0,0.000000,0.000000,0.000000,2.000000,673.333313,220.000000,,,,0.025000,
MP_T_Yoga_1,efficientpose,104,3.449156,ok,1,direct,0.282461,2,right_eye,0,0,0.000000,0.000000,0.000000,2.000000,646.666687,220.000000,,,,0.025000,
MP_T_Yoga_1,efficientpose,104,3.449156,ok,1,direct,0.282461,3,left_ear,0,0,0.000000,0.000000,0.000000,2.000000,700.000000,220.000000,,,,0.035000,
MP_T_Yoga_1,efficientpose,104,3.449156,ok,1,direct,0.282461,4,right_ear,0,0,0.000000,0.000000,0.000000,2.000000,620.000000,220.000000,,,,0.035000,
MP_T_Yoga_1,efficientpose,104,3.449156,ok,1,direct,0.282461,5,left_shoulder,1,1,2.000000,724.290000,278.410000,2.000000,726.666687,233.333328,45.139284,57.027584,1,0.079000,0.134287
MP_T_Yoga_1,efficientpose,104,3.449156,ok,1,direct,0.282461,6,right_shoulder,1,1,2.000000,637.500000,287.850000,2.000000,566.666687,260.000000,76.111633,57.027584,0,0.079000,0.003318
MP_T_Yoga_1,efficientpose,104,3.449156,ok,1,direct,0.282461,7,left_elbow,1,1,2.000000,743.090000,207.740000,2.000000,753.333313,206.666672,10.299393,57.027584,1,0.072000,0.881756
MP_T_Yoga_1,efficientpose,104,3.449156,ok,1,direct,0.282461,8,right_elbow,1,1,2.000000,622.350000,219.170000,2.000000,526.666687,246.666672,99.555830,57.027584,0,0.072000,0.000008
MP_T_Yoga_1,efficientpose,104,3.449156,ok,1,direct,0.282461,9,left_wrist,1,1,2.000000,708.020000,144.630000,2.000000,726.666687,193.333328,52.150869,57.027584,1,0.062000,0.012893
MP_T_Yoga_1,efficientpose,104,3.449156,ok,1,direct,0.282461,10,right_wrist,1,1,2.000000,659.930000,150.120000,2.000000,513.333313,220.000000,162.400133,57.027584,0,0.062000,0.000000
MP_T_Yoga_1,efficientpose,104,3.449156,ok,1,direct,0.282461,11,left_hip,1,1,2.000000,706.130000,416.840000,2.000000,726.666687,406.666656,22.918386,57.027584,1,0.107000,0.754170
MP_T_Yoga_1,efficientpose,104,3.449156,ok,1,direct,0.282461,12,right_hip,1,1,2.000000,659.160000,417.010000,2.000000,713.333313,406.666656,55.151905,57.027584,1,0.107000,0.195176
MP_T_Yoga_1,efficientpose,104,3.449156,ok,1,direct,0.282461,13,left_knee,1,1,2.000000,697.050000,561.020000,2.000000,713.333313,486.666656,76.115478,57.027584,0,0.087000,0.009030
MP_T_Yoga_1,efficientpose,104,3.449156,ok,1,direct,0.282461,14,right_knee,1,1,2.000000,587.800000,480.210000,2.000000,660.000000,486.666656,72.488126,57.027584,0,0.087000,0.013992
MP_T_Yoga_1,efficientpose,104,3.449156,ok,1,direct,0.282461,15,left_ankle,1,1,2.000000,684.860000,668.190000,2.000000,700.000000,633.333313,38.002740,57.027584,1,0.089000,0.325866
MP_T_Yoga_1,efficientpose,104,3.449156,ok,1,direct,0.282461,16,right_ankle,1,1,2.000000,669.130000,511.170000,2.000000,553.333313,620.000000,158.911427,57.027584,0,0.089000,0.000000
MP_T_Yoga_1,efficientpose,105,3.482321,ok,1,direct,0.296036,0,nose,1,1,2.000000,677.350000,243.800000,2.000000,646.666687,233.333328,32.419391,57.320769,1,0.026000,0.000078
MP_T_Yoga_1,efficientpose,105,3.482321,ok,1,direct,0.296036,1,left_eye,0,0,0.000000,0.000000,0.000000,2.000000,660.000000,220.000000,,,,0.025000,
MP_T_Yoga_1,efficientpose,105,3.482321,ok,1,direct,0.296036,2,right_eye,0,0,0.000000,0.000000,0.000000,2.000000,633.333313,220.000000,,,,0.025000,
MP_T_Yoga_1,efficientpose,105,3.482321,ok,1,direct,0.296036,3,left_ear,0,0,0.000000,0.000000,0.000000,2.000000,686.666687,220.000000,,,,0.035000,
MP_T_Yoga_1,efficientpose,105,3.482321,ok,1,direct,0.296036,4,right_ear,0,0,0.000000,0.000000,0.000000,2.000000,620.000000,233.333328,,,,0.035000,
MP_T_Yoga_1,efficientpose,105,3.482321,ok,1,direct,0.296036,5,left_shoulder,1,1,2.000000,724.030000,278.370000,2.000000,726.666687,220.000000,58.429522,57.320769,0,0.079000,0.035801
MP_T_Yoga_1,efficientpose,105,3.482321,ok,1,direct,0.296036,6,right_shoulder,1,1,2.000000,637.310000,287.970000,2.000000,553.333313,273.333344,85.242687,57.320769,0,0.079000,0.000836
MP_T_Yoga_1,efficientpose,105,3.482321,ok,1,direct,0.296036,7,left_elbow,1,1,2.000000,743.870000,207.800000,2.000000,740.000000,220.000000,12.799098,57.320769,1,0.072000,0.825015
MP_T_Yoga_1,efficientpose,105,3.482321,ok,1,direct,0.296036,8,right_elbow,1,1,2.000000,621.130000,219.390000,2.000000,540.000000,246.666672,85.592603,57.320769,0,0.072000,0.000184
MP_T_Yoga_1,efficientpose,105,3.482321,ok,1,direct,0.296036,9,left_wrist,1,1,2.000000,711.790000,142.520000,2.000000,726.666687,193.333328,52.946295,57.320769,1,0.062000,0.011807
MP_T_Yoga_1,efficientpose,105,3.482321,ok,1,direct,0.296036,10,right_wrist,1,1,2.000000,656.430000,149.230000,2.000000,526.666687,233.333328,154.634690,57.320769,0,0.062000,0.000000
MP_T_Yoga_1,efficientpose,105,3.482321,ok,1,direct,0.296036,11,left_hip,1,1,2.000000,706.120000,416.850000,2.000000,726.666687,380.000000,42.191099,57.320769,1,0.107000,0.388131
MP_T_Yoga_1,efficientpose,105,3.482321,ok,1,direct,0.296036,12,right_hip,1,1,2.000000,658.990000,417.050000,2.000000,700.000000,393.333344,47.374042,57.320769,1,0.107000,0.303244
MP_T_Yoga_1,efficientpose,105,3.482321,ok,1,direct,0.296036,13,left_knee,1,1,2.000000,696.940000,561.010000,2.000000,713.333313,486.666656,76.129320,57.320769,0,0.087000,0.009458
MP_T_Yoga_1,efficientpose,105,3.482321,ok,1,direct,0.296036,14,right_knee,1,1,2.000000,587.600000,479.790000,2.000000,660.000000,486.666656,72.725844,57.320769,0,0.087000,0.014215
MP_T_Yoga_1,efficientpose,105,3.482321,ok,1,direct,0.296036,15,left_ankle,1,1,2.000000,684.850000,668.160000,2.000000,700.000000,633.333313,37.979213,57.320769,1,0.089000,0.330069
MP_T_Yoga_1,efficientpose,105,3.482321,ok,1,direct,0.296036,16,right_ankle,1,1,2.000000,669.040000,511.770000,2.000000,553.333313,620.000000,158.435382,57.320769,0,0.089000,0.000000
MP_T_Yoga_1,efficientpose,106,3.515486,ok,1,direct,0.242381,0,nose,1,1,2.000000,676.650000,243.800000,2.000000,340.000000,286.666656,339.368196,57.950621,0,0.026000,0.000000
MP_T_Yoga_1,efficientpose,106,3.515486,ok,1,direct,0.242381,1,left_eye,0,0,0.000000,0.000000,0.000000,2.000000,340.000000,273.333344,,,,0.025000,
MP_T_Yoga_1,efficientpose,106,3.515486,ok,1,direct,0.242381,2,right_eye,0,0,0.000000,0.000000,0.000000,2.000000,340.000000,273.333344,,,,0.025000,
MP_T_Yoga_1,efficientpose,106,3.515486,ok,1,direct,0.242381,3,left_ear,0,0,0.000000,0.000000,0.000000,2.000000,713.333313,220.000000,,,,0.035000,
MP_T_Yoga_1,efficientpose,106,3.515486,ok,1,direct,0.242381,4,right_ear,0,0,0.000000,0.000000,0.000000,2.000000,313.333344,286.666656,,,,0.035000,
MP_T_Yoga_1,efficientpose,106,3.515486,ok,1,direct,0.242381,5,left_shoulder,1,1,2.000000,723.580000,278.820000,2.000000,740.000000,206.666672,73.998103,57.950621,0,0.079000,0.005379
MP_T_Yoga_1,efficientpose,106,3.515486,ok,1,direct,0.242381,6,right_shoulder,1,1,2.000000,637.110000,288.090000,2.000000,380.000000,300.000000,257.385703,57.950621,0,0.079000,0.000000
MP_T_Yoga_1,efficientpose,106,3.515486,ok,1,direct,0.242381,7,left_elbow,1,1,2.000000,748.240000,209.340000,2.000000,740.000000,220.000000,13.473426,57.950621,1,0.072000,0.811763
MP_T_Yoga_1,efficientpose,106,3.515486,ok,1,direct,0.242381,8,right_elbow,1,1,2.000000,617.410000,220.220000,2.000000,540.000000,260.000000,87.033077,57.950621,0,0.072000,0.000166
MP_T_Yoga_1,efficientpose,106,3.515486,ok,1,direct,0.242381,9,left_wrist,1,1,2.000000,725.090000,142.710000,2.000000,726.666687,193.333328,50.647876,57.950621,1,0.062000,0.018794
MP_T_Yoga_1,efficientpose,106,3.515486,ok,1,direct,0.242381,10,right_wrist,1,1,2.000000,645.130000,148.650000,2.000000,513.333313,233.333328,156.657693,57.950621,0,0.062000,0.000000
MP_T_Yoga_1,efficientpose,106,3.515486,ok,1,direct,0.242381,11,left_hip,1,1,2.000000,706.110000,416.870000,2.000000,713.333313,393.333344,24.620123,57.950621,1,0.107000,0.729569
MP_T_Yoga_1,efficientpose,106,3.515486,ok,1,direct,0.242381,12,right_hip,1,1,2.000000,658.820000,417.090000,2.000000,726.666687,406.666656,68.642691,57.950621,0,0.107000,0.086211
MP_T_Yoga_1,efficientpose,106,3.515486,ok,1,direct,0.242381,13,left_knee,1,1,2.000000,696.820000,561.000000,2.000000,713.333313,473.333344,89.208364,57.950621,0,0.087000,0.001908
MP_T_Yoga_1,efficientpose,106,3.515486,ok,1,direct,0.242381,14,right_knee,1,1,2.000000,588.450000,481.290000,2.000000,673.333313,486.666656,85.053426,57.950621,0,0.087000,0.003373
MP_T_Yoga_1,efficientpose,106,3.515486,ok,1,direct,0.242381,15,left_ankle,1,1,2.000000,684.840000,668.130000,2.000000,700.000000,633.333313,37.955698,57.950621,1,0.089000,0.338528
MP_T_Yoga_1,efficientpose,106,3.515486,ok,1,direct,0.242381,16,right_ankle,1,1,2.000000,667.900000,518.980000,2.000000,700.000000,646.666687,131.659789,57.950621,0,0.089000,0.000002
MP_T_Yoga_1,efficientpose,107,3.548651,ok,1,direct,0.216088,0,nose,1,1,2.000000,675.940000,243.800000,2.000000,660.000000,220.000000,28.644783,58.571379,1,0.026000,0.000845
MP_T_Yoga_1,efficientpose,107,3.548651,ok,1,direct,0.216088,1,left_eye,0,0,0.000000,0.000000,0.000000,2.000000,686.666687,220.000000,,,,0.025000,
MP_T_Yoga_1,efficientpose,107,3.548651,ok,1,direct,0.216088,2,right_eye,0,0,0.000000,0.000000,0.000000,2.000000,646.666687,220.000000,,,,0.025000,
MP_T_Yoga_1,efficientpose,107,3.548651,ok,1,direct,0.216088,3,left_ear,0,0,0.000000,0.000000,0.000000,2.000000,726.666687,220.000000,,,,0.035000,
MP_T_Yoga_1,efficientpose,107,3.548651,ok,1,direct,0.216088,4,right_ear,0,0,0.000000,0.000000,0.000000,2.000000,313.333344,286.666656,,,,0.035000,
MP_T_Yoga_1,efficientpose,107,3.548651,ok,1,direct,0.216088,5,left_shoulder,1,1,2.000000,723.130000,279.270000,2.000000,726.666687,206.666672,72.689418,58.571379,0,0.079000,0.007186
MP_T_Yoga_1,efficientpose,107,3.548651,ok,1,direct,0.216088,6,right_shoulder,1,1,2.000000,636.920000,288.210000,2.000000,526.666687,260.000000,113.805084,58.571379,0,0.079000,0.000006
MP_T_Yoga_1,efficientpose,107,3.548651,ok,1,direct,0.216088,7,left_elbow,1,1,2.000000,752.610000,210.880000,2.000000,753.333313,206.666672,4.274964,58.571379,1,0.072000,0.979658
MP_T_Yoga_1,efficientpose,107,3.548651,ok,1,direct,0.216088,8,right_elbow,1,1,2.000000,613.680000,221.060000,2.000000,553.333313,246.666672,65.554743,58.571379,0,0.072000,0.007964
MP_T_Yoga_1,efficientpose,107,3.548651,ok,1,direct,0.216088,9,left_wrist,1,1,2.000000,738.390000,142.900000,2.000000,833.333313,166.666672,97.872812,58.571379,0,0.062000,0.000000
MP_T_Yoga_1,efficientpose,107,3.548651,ok,1,direct,0.216088,10,right_wrist,1,1,2.000000,633.820000,148.080000,2.000000,540.000000,220.000000,118.214546,58.571379,0,0.062000,0.000000
MP_T_Yoga_1,efficientpose,107,3.548651,ok,1,direct,0.216088,11,left_hip,1,1,2.000000,706.100000,416.890000,2.000000,700.000000,366.666656,50.592433,58.571379,1,0.107000,0.271619
MP_T_Yoga_1,efficientpose,107,3.548651,ok,1,direct,0.216088,12,right_hip,1,1,2.000000,658.650000,417.130000,2.000000,713.333313,366.666656,74.409769,58.571379,0,0.107000,0.059644
MP_T_Yoga_1,efficientpose,107,3.548651,ok,1,direct,0.216088,13,left_knee,1,1,2.000000,696.710000,560.990000,2.000000,713.333313,446.666656,115.525588,58.571379,0,0.087000,0.000034
MP_T_Yoga_1,efficientpose,107,3.548651,ok,1,direct,0.216088,14,right_knee,1,1,2.000000,589.310000,482.800000,2.000000,700.000000,460.000000,113.013787,58.571379,0,0.087000,0.000053
MP_T_Yoga_1,efficientpose,107,3.548651,ok,1,direct,0.216088,15,left_ankle,1,1,2.000000,684.830000,668.100000,2.000000,700.000000,633.333313,37.932195,58.571379,1,0.089000,0.346803
MP_T_Yoga_1,efficientpose,107,3.548651,ok,1,direct,0.216088,16,right_ankle,1,1,2.000000,666.770000,526.200000,2.000000,686.666687,633.333313,108.965246,58.571379,0,0.089000,0.000160
MP_T_Yoga_1,efficientpose,108,3.581816,ok,1,direct,0.199677,0,nose,1,1,2.000000,675.230000,243.800000,2.000000,313.333344,286.666656,364.426591,59.185104,0,0.026000,0.000000
MP_T_Yoga_1,efficientpose,108,3.581816,ok,1,direct,0.199677,1,left_eye,0,0,0.000000,0.000000,0.000000,2.000000,326.666656,273.333344,,,,0.025000,
MP_T_Yoga_1,efficientpose,108,3.581816,ok,1,direct,0.199677,2,right_eye,0,0,0.000000,0.000000,0.000000,2.000000,326.666656,273.333344,,,,0.025000,
MP_T_Yoga_1,efficientpose,108,3.581816,ok,1,direct,0.199677,3,left_ear,0,0,0.000000,0.000000,0.000000,2.000000,753.333313,220.000000,,,,0.035000,
MP_T_Yoga_1,efficientpose,108,3.581816,ok,1,direct,0.199677,4,right_ear,0,0,0.000000,0.000000,0.000000,2.000000,300.000000,300.000000,,,,0.035000,
MP_T_Yoga_1,efficientpose,108,3.581816,ok,1,direct,0.199677,5,left_shoulder,1,1,2.000000,722.680000,279.720000,2.000000,740.000000,180.000000,101.212948,59.185104,0,0.079000,0.000085
MP_T_Yoga_1,efficientpose,108,3.581816,ok,1,direct,0.199677,6,right_shoulder,1,1,2.000000,636.730000,288.330000,2.000000,406.666656,286.666656,230.069356,59.185104,0,0.079000,0.000000
MP_T_Yoga_1,efficientpose,108,3.581816,ok,1,direct,0.199677,7,left_elbow,1,1,2.000000,756.970000,212.420000,2.000000,753.333313,206.666672,6.806341,59.185104,1,0.072000,0.950257
MP_T_Yoga_1,efficientpose,108,3.581816,ok,1,direct,0.199677,8,right_elbow,1,1,2.000000,609.950000,221.890000,2.000000,513.333313,273.333344,109.458676,59.185104,0,0.072000,0.000002
MP_T_Yoga_1,efficientpose,108,3.581816,ok,1,direct,0.199677,9,left_wrist,1,1,2.000000,751.690000,143.100000,2.000000,766.666687,193.333328,52.418398,59.185104,1,0.062000,0.016887
MP_T_Yoga_1,efficientpose,108,3.581816,ok,1,direct,0.199677,10,right_wrist,1,1,2.000000,622.510000,147.500000,2.000000,540.000000,220.000000,109.836925,59.185104,0,0.062000,0.000000
MP_T_Yoga_1,efficientpose,108,3.581816,ok,1,direct,0.199677,11,left_hip,1,1,2.000000,706.090000,416.910000,2.000000,700.000000,393.333344,24.350500,59.185104,1,0.107000,0.744010
MP_T_Yoga_1,efficientpose,108,3.581816,ok,1,direct,0.199677,12,right_hip,1,1,2.000000,658.470000,417.170000,2.000000,713.333313,380.000000,66.269088,59.185104,0,0.107000,0.111908
MP_T_Yoga_1,efficientpose,108,3.581816,ok,1,direct,0.199677,13,left_knee,1,1,2.000000,696.590000,560.990000,2.000000,700.000000,473.333344,87.722959,59.185104,0,0.087000,0.003013
MP_T_Yoga_1,efficientpose,108,3.581816,ok,1,direct,0.199677,14,right_knee,1,1,2.000000,590.160000,484.300000,2.000000,580.000000,473.333344,14.949687,59.185104,1,0.087000,0.844856
MP_T_Yoga_1,efficientpose,108,3.581816,ok,1,direct,0.199677,15,left_ankle,1,1,2.000000,684.820000,668.080000,2.000000,700.000000,633.333313,37.917867,59.185104,1,0.089000,0.354742
MP_T_Yoga_1,efficientpose,108,3.581816,ok,1,direct,0.199677,16,right_ankle,1,1,2.000000,665.640000,533.420000,2.000000,553.333313,620.000000,141.805812,59.185104,0,0.089000,0.000001
MP_T_Yoga_1,efficientpose,109,3.614981,ok,1,direct,0.201182,0,nose,1,1,2.000000,674.530000,243.800000,2.000000,300.000000,300.000000,378.723066,60.429297,0,0.026000,0.000000
MP_T_Yoga_1,efficientpose,109,3.614981,ok,1,direct,0.201182,1,left_eye,0,0,0.000000,0.000000,0.000000,2.000000,313.333344,286.666656,,,,0.025000,
MP_T_Yoga_1,efficientpose,109,3.614981,ok,1,direct,0.201182,2,right_eye,0,0,0.000000,0.000000,0.000000,2.000000,313.333344,286.666656,,,,0.025000,
MP_T_Yoga_1,efficientpose,109,3.614981,ok,1,direct,0.201182,3,left_ear,0,0,0.000000,0.000000,0.000000,2.000000,313.333344,286.666656,,,,0.035000,
MP_T_Yoga_1,efficientpose,109,3.614981,ok,1,direct,0.201182,4,right_ear,0,0,0.000000,0.000000,0.000000,2.000000,286.666656,300.000000,,,,0.035000,
MP_T_Yoga_1,efficientpose,109,3.614981,ok,1,direct,0.201182,5,left_shoulder,1,1,2.000000,722.230000,280.170000,2.000000,420.000000,313.333344,304.044043,60.429297,0,0.079000,0.000000
MP_T_Yoga_1,efficientpose,109,3.614981,ok,1,direct,0.201182,6,right_shoulder,1,1,2.000000,636.540000,288.450000,2.000000,353.333344,313.333344,284.297716,60.429297,0,0.079000,0.000000
MP_T_Yoga_1,efficientpose,109,3.614981,ok,1,direct,0.201182,7,left_elbow,1,1,2.000000,761.340000,213.960000,2.000000,486.666656,300.000000,287.833854,60.429297,0,0.072000,0.000000
MP_T_Yoga_1,efficientpose,109,3.614981,ok,1,direct,0.201182,8,right_elbow,1,1,2.000000,606.230000,222.730000,2.000000,380.000000,340.000000,254.818103,60.429297,0,0.072000,0.000000
MP_T_Yoga_1,efficientpose,109,3.614981,ok,1,direct,0.201182,9,left_wrist,1,1,2.000000,764.980000,143.290000,2.000000,766.666687,193.333328,50.071745,60.429297,1,0.062000,0.028094
MP_T_Yoga_1,efficientpose,109,3.614981,ok,1,direct,0.201182,10,right_wrist,1,1,2.000000,611.210000,146.920000,2.000000,513.333313,220.000000,122.149631,60.429297,0,0.062000,0.000000
MP_T_Yoga_1,efficientpose,109,3.614981,ok,1,direct,0.201182,11,left_hip,1,1,2.000000,706.080000,416.930000,2.000000,326.666656,406.666656,379.552133,60.429297,0,0.107000,0.000000
MP_T_Yoga_1,efficientpose,109,3.614981,ok,1,direct,0.201182,12,right_hip,1,1,2.000000,658.300000,417.200000,2.000000,340.000000,380.000000,320.466426,60.429297,0,0.107000,0.000000
MP_T_Yoga_1,efficientpose,109,3.614981,ok,1,direct,0.201182,13,left_knee,1,1,2.000000,696.480000,560.980000,2.000000,380.000000,420.000000,346.460605,60.429297,0,0.087000,0.000000
MP_T_Yoga_1,efficientpose,109,3.614981,ok,1,direct,0.201182,14,right_knee,1,1,2.000000,591.010000,485.800000,2.000000,580.000000,486.666656,11.044057,60.429297,1,0.087000,0.915525
MP_T_Yoga_1,efficientpose,109,3.614981,ok,1,direct,0.201182,15,left_ankle,1,1,2.000000,684.810000,668.050000,2.000000,806.666687,193.333328,490.107101,60.429297,0,0.089000,0.000000
MP_T_Yoga_1,efficientpose,109,3.614981,ok,1,direct,0.201182,16,right_ankle,1,1,2.000000,664.500000,540.640000,2.000000,553.333313,620.000000,136.587122,60.429297,0,0.089000,0.000002
MP_T_Yoga_1,efficientpose,110,3.648146,ok,1,direct,0.230466,0,nose,1,1,2.000000,673.820000,243.800000,2.000000,300.000000,300.000000,378.020942,62.541105,0,0.026000,0.000000
MP_T_Yoga_1,efficientpose,110,3.648146,ok,1,direct,0.230466,1,left_eye,0,0,0.000000,0.000000,0.000000,2.000000,313.333344,286.666656,,,,0.025000,
MP_T_Yoga_1,efficientpose,110,3.648146,ok,1,direct,0.230466,2,right_eye,0,0,0.000000,0.000000,0.000000,2.000000,313.333344,300.000000,,,,0.025000,
MP_T_Yoga_1,efficientpose,110,3.648146,ok,1,direct,0.230466,3,left_ear,0,0,0.000000,0.000000,0.000000,2.000000,313.333344,286.666656,,,,0.035000,
MP_T_Yoga_1,efficientpose,110,3.648146,ok,1,direct,0.230466,4,right_ear,0,0,0.000000,0.000000,0.000000,2.000000,300.000000,300.000000,,,,0.035000,
MP_T_Yoga_1,efficientpose,110,3.648146,ok,1,direct,0.230466,5,left_shoulder,1,1,2.000000,721.780000,280.620000,2.000000,446.666656,300.000000,275.795098,62.541105,0,0.079000,0.000000
MP_T_Yoga_1,efficientpose,110,3.648146,ok,1,direct,0.230466,6,right_shoulder,1,1,2.000000,636.340000,288.560000,2.000000,380.000000,300.000000,256.595146,62.541105,0,0.079000,0.000000
MP_T_Yoga_1,efficientpose,110,3.648146,ok,1,direct,0.230466,7,left_elbow,1,1,2.000000,765.710000,215.510000,2.000000,486.666656,313.333344,295.693412,62.541105,0,0.072000,0.000000
MP_T_Yoga_1,efficientpose,110,3.648146,ok,1,direct,0.230466,8,right_elbow,1,1,2.000000,602.500000,223.560000,2.000000,380.000000,340.000000,251.126509,62.541105,0,0.072000,0.000000
MP_T_Yoga_1,efficientpose,110,3.648146,ok,1,direct,0.230466,9,left_wrist,1,1,2.000000,778.280000,143.480000,2.000000,780.000000,166.666672,23.250380,62.541105,1,0.062000,0.487202
MP_T_Yoga_1,efficientpose,110,3.648146,ok,1,direct,0.230466,10,right_wrist,1,1,2.000000,599.900000,146.340000,2.000000,340.000000,340.000000,324.117580,62.541105,0,0.062000,0.000000
MP_T_Yoga_1,efficientpose,110,3.648146,ok,1,direct,0.230466,11,left_hip,1,1,2.000000,706.070000,416.950000,2.000000,340.000000,433.333344,366.436432,62.541105,0,0.107000,0.000000
MP_T_Yoga_1,efficientpose,110,3.648146,ok,1,direct,0.230466,12,right_hip,1,1,2.000000,658.130000,417.240000,2.000000,326.666656,340.000000,340.343893,62.541105,0,0.107000,0.000000
MP_T_Yoga_1,efficientpose,110,3.648146,ok,1,direct,0.230466,13,left_knee,1,1,2.000000,696.360000,560.970000,2.000000,580.000000,473.333344,145.670289,62.541105,0,0.087000,0.000001
MP_T_Yoga_1,efficientpose,110,3.648146,ok,1,direct,0.230466,14,right_knee,1,1,2.000000,591.860000,487.300000,2.000000,566.666687,486.666656,25.201273,62.541105,1,0.087000,0.651129
MP_T_Yoga_1,efficientpose,110,3.648146,ok,1,direct,0.230466,15,left_ankle,1,1,2.000000,684.790000,668.020000,2.000000,806.666687,180.000000,503.008397,62.541105,0,0.089000,0.000000
MP_T_Yoga_1,efficientpose,110,3.648146,ok,1,direct,0.230466,16,right_ankle,1,1,2.000000,663.370000,547.860000,2.000000,660.000000,646.666687,98.864141,62.541105,0,0.089000,0.001819
MP_T_Yoga_1,efficientpose,111,3.681311,ok,1,direct,0.242368,0,nose,1,1,2.000000,673.750000,243.480000,2.000000,300.000000,300.000000,377.999435,64.142310,0,0.026000,0.000000
MP_T_Yoga_1,efficientpose,111,3.681311,ok,1,direct,0.242368,1,left_eye,0,0,0.000000,0.000000,0.000000,2.000000,300.000000,286.666656,,,,0.025000,
MP_T_Yoga_1,efficientpose,111,3.681311,ok,1,direct,0.242368,2,right_eye,0,0,0.000000,0.000000,0.000000,2.000000,313.333344,286.666656,,,,0.025000,
MP_T_Yoga_1,efficientpose,111,3.681311,ok,1,direct,0.242368,3,left_ear,0,0,0.000000,0.000000,0.000000,2.000000,300.000000,300.000000,,,,0.035000,
MP_T_Yoga_1,efficientpose,111,3.681311,ok,1,direct,0.242368,4,right_ear,0,0,0.000000,0.000000,0.000000,2.000000,300.000000,300.000000,,,,0.035000,
MP_T_Yoga_1,efficientpose,111,3.681311,ok,1,direct,0.242368,5,left_shoulder,1,1,2.000000,721.270000,281.210000,2.000000,473.333344,300.000000,248.647642,64.142310,0,0.079000,0.000000
MP_T_Yoga_1,efficientpose,111,3.681311,ok,1,direct,0.242368,6,right_shoulder,1,1,2.000000,635.460000,288.760000,2.000000,380.000000,300.000000,255.707155,64.142310,0,0.079000,0.000000
MP_T_Yoga_1,efficientpose,111,3.681311,ok,1,direct,0.242368,7,left_elbow,1,1,2.000000,769.370000,219.680000,2.000000,500.000000,326.666656,289.838475,64.142310,0,0.072000,0.000000
MP_T_Yoga_1,efficientpose,111,3.681311,ok,1,direct,0.242368,8,right_elbow,1,1,2.000000,598.910000,226.580000,2.000000,366.666656,353.333344,264.581520,64.142310,0,0.072000,0.000000
MP_T_Yoga_1,efficientpose,111,3.681311,ok,1,direct,0.242368,9,left_wrist,1,1,2.000000,788.620000,150.740000,2.000000,686.666687,233.333328,131.210274,64.142310,0,0.062000,0.000000
MP_T_Yoga_1,efficientpose,111,3.681311,ok,1,direct,0.242368,10,right_wrist,1,1,2.000000,589.880000,150.450000,2.000000,340.000000,340.000000,313.638673,64.142310,0,0.062000,0.000000
MP_T_Yoga_1,efficientpose,111,3.681311,ok,1,direct,0.242368,11,left_hip,1,1,2.000000,706.060000,416.970000,2.000000,700.000000,393.333344,24.401130,64.142310,1,0.107000,0.776616
MP_T_Yoga_1,efficientpose,111,3.681311,ok,1,direct,0.242368,12,right_hip,1,1,2.000000,657.960000,417.280000,2.000000,726.666687,406.666656,69.521593,64.142310,0,0.107000,0.128456
MP_T_Yoga_1,efficientpose,111,3.681311,ok,1,direct,0.242368,13,left_knee,1,1,2.000000,696.250000,560.970000,2.000000,593.333313,460.000000,144.176230,64.142310,0,0.087000,0.000002
MP_T_Yoga_1,efficientpose,111,3.681311,ok,1,direct,0.242368,14,right_knee,1,1,2.000000,592.710000,492.290000,2.000000,620.000000,473.333344,33.227984,64.142310,1,0.087000,0.492085
MP_T_Yoga_1,efficientpose,111,3.681311,ok,1,direct,0.242368,15,left_ankle,1,1,2.000000,684.780000,667.990000,2.000000,806.666687,193.333328,490.056446,64.142310,0,0.089000,0.000000
MP_T_Yoga_1,efficientpose,111,3.681311,ok,1,direct,0.242368,16,right_ankle,1,1,2.000000,657.840000,560.290000,2.000000,660.000000,646.666687,86.403690,64.142310,0,0.089000,0.010238
MP_T_Yoga_1,efficientpose,112,3.714476,ok,1,direct,0.233675,0,nose,1,1,2.000000,673.690000,243.150000,2.000000,500.000000,233.333328,173.967190,67.079378,0,0.026000,0.000000
MP_T_Yoga_1,efficientpose,112,3.714476,ok,1,direct,0.233675,1,left_eye,0,0,0.000000,0.000000,0.000000,2.000000,300.000000,286.666656,,,,0.025000,
MP_T_Yoga_1,efficientpose,112,3.714476,ok,1,direct,0.233675,2,right_eye,0,0,0.000000,0.000000,0.000000,2.000000,326.666656,286.666656,,,,0.025000,
MP_T_Yoga_1,efficientpose,112,3.714476,ok,1,direct,0.233675,3,left_ear,0,0,0.000000,0.000000,0.000000,2.000000,300.000000,300.000000,,,,0.035000,
MP_T_Yoga_1,efficientpose,112,3.714476,ok,1,direct,0.233675,4,right_ear,0,0,0.000000,0.000000,0.000000,2.000000,300.000000,313.333344,,,,0.035000,
MP_T_Yoga_1,efficientpose,112,3.714476,ok,1,direct,0.233675,5,left_shoulder,1,1,2.000000,720.760000,281.800000,2.000000,473.333344,300.000000,248.095124,67.079378,0,0.079000,0.000000
MP_T_Yoga_1,efficientpose,112,3.714476,ok,1,direct,0.233675,6,right_shoulder,1,1,2.000000,634.580000,288.950000,2.000000,486.666656,286.666656,147.930966,67.079378,0,0.079000,0.000000
MP_T_Yoga_1,efficientpose,112,3.714476,ok,1,direct,0.233675,7,left_elbow,1,1,2.000000,773.030000,223.860000,2.000000,753.333313,233.333328,21.856428,67.079378,1,0.072000,0.663925
MP_T_Yoga_1,efficientpose,112,3.714476,ok,1,direct,0.233675,8,right_elbow,1,1,2.000000,595.310000,229.600000,2.000000,380.000000,366.666656,255.236487,67.079378,0,0.072000,0.000000
MP_T_Yoga_1,efficientpose,112,3.714476,ok,1,direct,0.233675,9,left_wrist,1,1,2.000000,798.970000,158.000000,2.000000,766.666687,206.666672,58.411891,67.079378,1,0.062000,0.019347
MP_T_Yoga_1,efficientpose,112,3.714476,ok,1,direct,0.233675,10,right_wrist,1,1,2.000000,579.860000,154.560000,2.000000,340.000000,353.333344,311.518317,67.079378,0,0.062000,0.000000
MP_T_Yoga_1,efficientpose,112,3.714476,ok,1,direct,0.233675,11,left_hip,1,1,2.000000,706.050000,416.990000,2.000000,713.333313,380.000000,37.700222,67.079378,1,0.107000,0.575919
MP_T_Yoga_1,efficientpose,112,3.714476,ok,1,direct,0.233675,12,right_hip,1,1,2.000000,657.780000,417.320000,2.000000,713.333313,406.666656,56.565575,67.079378,1,0.107000,0.288751
MP_T_Yoga_1,efficientpose,112,3.714476,ok,1,direct,0.233675,13,left_knee,1,1,2.000000,696.130000,560.960000,2.000000,713.333313,473.333344,89.299412,67.079378,0,0.087000,0.009253
MP_T_Yoga_1,efficientpose,112,3.714476,ok,1,direct,0.233675,14,right_knee,1,1,2.000000,593.560000,497.270000,2.000000,646.666687,486.666656,54.154881,67.079378,1,0.087000,0.178669
MP_T_Yoga_1,efficientpose,112,3.714476,ok,1,direct,0.233675,15,left_ankle,1,1,2.000000,684.770000,667.960000,2.000000,806.666687,193.333328,490.029876,67.079378,0,0.089000,0.000000
MP_T_Yoga_1,efficientpose,112,3.714476,ok,1,direct,0.233675,16,right_ankle,1,1,2.000000,652.320000,572.720000,2.000000,673.333313,660.000000,89.773926,67.079378,0,0.089000,0.010863
MP_T_Yoga_1,efficientpose,113,3.747641,ok,1,direct,0.210658,0,nose,1,1,2.000000,673.630000,242.830000,2.000000,606.666687,233.333328,67.633365,69.843394,1,0.026000,0.000000
MP_T_Yoga_1,efficientpose,113,3.747641,ok,1,direct,0.210658,1,left_eye,0,0,0.000000,0.000000,0.000000,2.000000,620.000000,220.000000,,,,0.025000,
MP_T_Yoga_1,efficientpose,113,3.747641,ok,1,direct,0.210658,2,right_eye,0,0,0.000000,0.000000,0.000000,2.000000,606.666687,233.333328,,,,0.025000,
MP_T_Yoga_1,efficientpose,113,3.747641,ok,1,direct,0.210658,3,left_ear,0,0,0.000000,0.000000,0.000000,2.000000,646.666687,233.333328,,,,0.035000,
MP_T_Yoga_1,efficientpose,113,3.747641,ok,1,direct,0.210658,4,right_ear,0,0,0.000000,0.000000,0.000000,2.000000,313.333344,313.333344,,,,0.035000,
MP_T_Yoga_1,efficientpose,113,3.747641,ok,1,direct,0.210658,5,left_shoulder,1,1,2.000000,720.250000,282.400000,2.000000,713.333313,273.333344,11.403720,69.843394,1,0.079000,0.918116
MP_T_Yoga_1,efficientpose,113,3.747641,ok,1,direct,0.210658,6,right_shoulder,1,1,2.000000,633.700000,289.140000,2.000000,513.333313,286.666656,120.392096,69.843394,0,0.079000,0.000073
MP_T_Yoga_1,efficientpose,113,3.747641,ok,1,direct,0.210658,7,left_elbow,1,1,2.000000,776.700000,228.030000,2.000000,753.333313,233.333328,23.960955,69.843394,1,0.072000,0.635038
MP_T_Yoga_1,efficientpose,113,3.747641,ok,1,direct,0.210658,8,right_elbow,1,1,2.000000,591.710000,232.620000,2.000000,433.333344,380.000000,216.342390,69.843394,0,0.072000,0.000000
MP_T_Yoga_1,efficientpose,113,3.747641,ok,1,direct,0.210658,9,left_wrist,1,1,2.000000,809.310000,165.260000,2.000000,753.333313,206.666672,69.626877,69.843394,1,0.062000,0.005681
MP_T_Yoga_1,efficientpose,113,3.747641,ok,1,direct,0.210658,10,right_wrist,1,1,2.000000,569.840000,158.680000,2.000000,340.000000,340.000000,292.751376,69.843394,0,0.062000,0.000000
MP_T_Yoga_1,efficientpose,113,3.747641,ok,1,direct,0.210658,11,left_hip,1,1,2.000000,706.040000,417.010000,2.000000,713.333313,380.000000,37.721778,69.843394,1,0.107000,0.600759
MP_T_Yoga_1,efficientpose,113,3.747641,ok,1,direct,0.210658,12,right_hip,1,1,2.000000,657.610000,417.360000,2.000000,713.333313,406.666656,56.740067,69.843394,1,0.107000,0.315720
MP_T_Yoga_1,efficientpose,113,3.747641,ok,1,direct,0.210658,13,left_knee,1,1,2.000000,696.020000,560.950000,2.000000,713.333313,460.000000,102.423890,69.843394,0,0.087000,0.003405
MP_T_Yoga_1,efficientpose,113,3.747641,ok,1,direct,0.210658,14,right_knee,1,1,2.000000,594.410000,502.260000,2.000000,686.666687,473.333344,96.685303,69.843394,0,0.087000,0.006323
MP_T_Yoga_1,efficientpose,113,3.747641,ok,1,direct,0.210658,15,left_ankle,1,1,2.000000,684.760000,667.940000,2.000000,806.666687,206.666672,477.110389,69.843394,0,0.089000,0.000000
MP_T_Yoga_1,efficientpose,113,3.747641,ok,1,direct,0.210658,16,right_ankle,1,1,2.000000,646.790000,585.160000,2.000000,686.666687,660.000000,84.800801,69.843394,0,0.089000,0.024181
MP_T_Yoga_1,efficientpose,114,3.780805,ok,1,direct,0.454618,0,nose,1,1,2.000000,673.560000,242.510000,2.000000,646.666687,233.333328,28.415869,72.455595,1,0.026000,0.010562
MP_T_Yoga_1,efficientpose,114,3.780805,ok,1,direct,0.454618,1,left_eye,0,0,0.000000,0.000000,0.000000,2.000000,660.000000,233.333328,,,,0.025000,
MP_T_Yoga_1,efficientpose,114,3.780805,ok,1,direct,0.454618,2,right_eye,0,0,0.000000,0.000000,0.000000,2.000000,633.333313,233.333328,,,,0.025000,
MP_T_Yoga_1,efficientpose,114,3.780805,ok,1,direct,0.454618,3,left_ear,0,0,0.000000,0.000000,0.000000,2.000000,660.000000,233.333328,,,,0.035000,
MP_T_Yoga_1,efficientpose,114,3.780805,ok,1,direct,0.454618,4,right_ear,0,0,0.000000,0.000000,0.000000,2.000000,620.000000,246.666672,,,,0.035000,
MP_T_Yoga_1,efficientpose,114,3.780805,ok,1,direct,0.454618,5,left_shoulder,1,1,2.000000,719.740000,282.990000,2.000000,700.000000,260.000000,30.301942,72.455595,1,0.079000,0.570926
MP_T_Yoga_1,efficientpose,114,3.780805,ok,1,direct,0.454618,6,right_shoulder,1,1,2.000000,632.820000,289.330000,2.000000,593.333313,286.666656,39.576405,72.455595,1,0.079000,0.384388
MP_T_Yoga_1,efficientpose,114,3.780805,ok,1,direct,0.454618,7,left_elbow,1,1,2.000000,780.360000,232.210000,2.000000,766.666687,246.666672,19.912362,72.455595,1,0.072000,0.747228
MP_T_Yoga_1,efficientpose,114,3.780805,ok,1,direct,0.454618,8,right_elbow,1,1,2.000000,588.110000,235.640000,2.000000,540.000000,326.666656,102.958362,72.455595,0,0.072000,0.000414
MP_T_Yoga_1,efficientpose,114,3.780805,ok,1,direct,0.454618,9,left_wrist,1,1,2.000000,819.650000,172.520000,2.000000,820.000000,180.000000,7.488184,72.455595,1,0.062000,0.945944
MP_T_Yoga_1,efficientpose,114,3.780805,ok,1,direct,0.454618,10,right_wrist,1,1,2.000000,559.820000,162.790000,2.000000,526.666687,220.000000,66.122056,72.455595,1,0.062000,0.013127
MP_T_Yoga_1,efficientpose,114,3.780805,ok,1,direct,0.454618,11,left_hip,1,1,2.000000,706.030000,417.030000,2.000000,726.666687,406.666656,23.092677,72.455595,1,0.107000,0.837406
MP_T_Yoga_1,efficientpose,114,3.780805,ok,1,direct,0.454618,12,right_hip,1,1,2.000000,657.440000,417.400000,2.000000,686.666687,420.000000,29.342107,72.455595,1,0.107000,0.750899
MP_T_Yoga_1,efficientpose,114,3.780805,ok,1,direct,0.454618,13,left_knee,1,1,2.000000,695.900000,560.940000,2.000000,713.333313,473.333344,89.324390,72.455595,0,0.087000,0.018026
MP_T_Yoga_1,efficientpose,114,3.780805,ok,1,direct,0.454618,14,right_knee,1,1,2.000000,595.260000,507.250000,2.000000,673.333313,486.666656,80.741044,72.455595,0,0.087000,0.037582
MP_T_Yoga_1,efficientpose,114,3.780805,ok,1,direct,0.454618,15,left_ankle,1,1,2.000000,684.750000,667.910000,2.000000,700.000000,633.333313,37.790340,72.455595,1,0.089000,0.503154
MP_T_Yoga_1,efficientpose,114,3.780805,ok,1,direct,0.454618,16,right_ankle,1,1,2.000000,641.270000,597.590000,2.000000,660.000000,646.666687,52.529364,72.455595,1,0.089000,0.265240
MP_T_Yoga_1,efficientpose,115,3.813970,ok,1,direct,0.479763,0,nose,1,1,2.000000,673.500000,242.190000,2.000000,646.666687,233.333328,28.257164,74.931859,1,0.026000,0.014886
MP_T_Yoga_1,efficientpose,115,3.813970,ok,1,direct,0.479763,1,left_eye,0,0,0.000000,0.000000,0.000000,2.000000,646.666687,220.000000,,,,0.025000,
MP_T_Yoga_1,efficientpose,115,3.813970,ok,1,direct,0.479763,2,right_eye,0,0,0.000000,0.000000,0.000000,2.000000,633.333313,233.333328,,,,0.025000,
MP_T_Yoga_1,efficientpose,115,3.813970,ok,1,direct,0.479763,3,left_ear,0,0,0.000000,0.000000,0.000000,2.000000,660.000000,233.333328,,,,0.035000,
MP_T_Yoga_1,efficientpose,115,3.813970,ok,1,direct,0.479763,4,right_ear,0,0,0.000000,0.000000,0.000000,2.000000,620.000000,233.333328,,,,0.035000,
MP_T_Yoga_1,efficientpose,115,3.813970,ok,1,direct,0.479763,5,left_shoulder,1,1,2.000000,719.230000,283.580000,2.000000,686.666687,273.333344,34.137418,74.931859,1,0.079000,0.514209
MP_T_Yoga_1,efficientpose,115,3.813970,ok,1,direct,0.479763,6,right_shoulder,1,1,2.000000,631.930000,289.530000,2.000000,593.333313,286.666656,38.702752,74.931859,1,0.079000,0.425316
MP_T_Yoga_1,efficientpose,115,3.813970,ok,1,direct,0.479763,7,left_elbow,1,1,2.000000,784.020000,236.380000,2.000000,766.666687,246.666672,20.173078,74.931859,1,0.072000,0.756067
MP_T_Yoga_1,efficientpose,115,3.813970,ok,1,direct,0.479763,8,right_elbow,1,1,2.000000,584.520000,238.660000,2.000000,540.000000,313.333344,86.937556,74.931859,0,0.072000,0.005553
MP_T_Yoga_1,efficientpose,115,3.813970,ok,1,direct,0.479763,9,left_wrist,1,1,2.000000,829.990000,179.780000,2.000000,820.000000,180.000000,9.992422,74.931859,1,0.062000,0.911627
MP_T_Yoga_1,efficientpose,115,3.813970,ok,1,direct,0.479763,10,right_wrist,1,1,2.000000,549.800000,166.900000,2.000000,513.333313,206.666672,53.955606,74.931859,1,0.062000,0.067363
MP_T_Yoga_1,efficientpose,115,3.813970,ok,1,direct,0.479763,11,left_hip,1,1,2.000000,706.020000,417.050000,2.000000,726.666687,420.000000,20.856370,74.931859,1,0.107000,0.873424
MP_T_Yoga_1,efficientpose,115,3.813970,ok,1,direct,0.479763,12,right_hip,1,1,2.000000,657.260000,417.430000,2.000000,673.333313,433.333344,22.611230,74.931859,1,0.107000,0.852940
MP_T_Yoga_1,efficientpose,115,3.813970,ok,1,direct,0.479763,13,left_knee,1,1,2.000000,695.790000,560.940000,2.000000,713.333313,486.666656,76.317084,74.931859,0,0.087000,0.064509
MP_T_Yoga_1,efficientpose,115,3.813970,ok,1,direct,0.479763,14,right_knee,1,1,2.000000,596.110000,512.230000,2.000000,646.666687,486.666656,56.652124,74.931859,1,0.087000,0.220822
MP_T_Yoga_1,efficientpose,115,3.813970,ok,1,direct,0.479763,15,left_ankle,1,1,2.000000,684.740000,667.880000,2.000000,700.000000,633.333313,37.766932,74.931859,1,0.089000,0.526546
MP_T_Yoga_1,efficientpose,115,3.813970,ok,1,direct,0.479763,16,right_ankle,1,1,2.000000,635.740000,610.020000,2.000000,566.666687,633.333313,72.901530,74.931859,1,0.089000,0.091634
MP_T_Yoga_1,efficientpose,116,3.847135,ok,1,direct,0.447571,0,nose,1,1,2.000000,673.240000,241.670000,2.000000,620.000000,233.333328,53.888753,76.097121,1,0.026000,0.000000
MP_T_Yoga_1,efficientpose,116,3.847135,ok,1,direct,0.447571,1,left_eye,0,0,0.000000,0.000000,0.000000,2.000000,646.666687,220.000000,,,,0.025000,
MP_T_Yoga_1,efficientpose,116,3.847135,ok,1,direct,0.447571,2,right_eye,0,0,0.000000,0.000000,0.000000,2.000000,620.000000,220.000000,,,,0.025000,
MP_T_Yoga_1,efficientpose,116,3.847135,ok,1,direct,0.447571,3,left_ear,0,0,0.000000,0.000000,0.000000,2.000000,660.000000,233.333328,,,,0.035000,
MP_T_Yoga_1,efficientpose,116,3.847135,ok,1,direct,0.447571,4,right_ear,0,0,0.000000,0.000000,0.000000,2.000000,620.000000,233.333328,,,,0.035000,
MP_T_Yoga_1,efficientpose,116,3.847135,ok,1,direct,0.447571,5,left_shoulder,1,1,2.000000,718.710000,284.170000,2.000000,673.333313,273.333344,46.652726,76.097121,1,0.079000,0.299853
MP_T_Yoga_1,efficientpose,116,3.847135,ok,1,direct,0.447571,6,right_shoulder,1,1,2.000000,631.050000,289.720000,2.000000,566.666687,286.666656,64.455674,76.097121,1,0.079000,0.100347
MP_T_Yoga_1,efficientpose,116,3.847135,ok,1,direct,0.447571,7,left_elbow,1,1,2.000000,786.170000,240.770000,2.000000,753.333313,246.666672,33.361936,76.097121,1,0.072000,0.476383
MP_T_Yoga_1,efficientpose,116,3.847135,ok,1,direct,0.447571,8,right_elbow,1,1,2.000000,580.140000,243.180000,2.000000,526.666687,286.666656,68.923759,76.097121,1,0.072000,0.042216
MP_T_Yoga_1,efficientpose,116,3.847135,ok,1,direct,0.447571,9,left_wrist,1,1,2.000000,835.170000,188.830000,2.000000,820.000000,180.000000,17.552715,76.097121,1,0.062000,0.758190
MP_T_Yoga_1,efficientpose,116,3.847135,ok,1,direct,0.447571,10,right_wrist,1,1,2.000000,541.800000,174.380000,2.000000,513.333313,193.333328,34.199136,76.097121,1,0.062000,0.349641
MP_T_Yoga_1,efficientpose,116,3.847135,ok,1,direct,0.447571,11,left_hip,1,1,2.000000,705.390000,417.510000,2.000000,713.333313,406.666656,13.441515,76.097121,1,0.107000,0.946955
MP_T_Yoga_1,efficientpose,116,3.847135,ok,1,direct,0.447571,12,right_hip,1,1,2.000000,655.800000,417.110000,2.000000,686.666687,406.666656,32.585515,76.097121,1,0.107000,0.725921
MP_T_Yoga_1,efficientpose,116,3.847135,ok,1,direct,0.447571,13,left_knee,1,1,2.000000,695.670000,560.930000,2.000000,660.000000,486.666656,82.385636,76.097121,0,0.087000,0.045179
MP_T_Yoga_1,efficientpose,116,3.847135,ok,1,direct,0.447571,14,right_knee,1,1,2.000000,599.190000,516.310000,2.000000,633.333313,486.666656,45.216077,76.097121,1,0.087000,0.393406
MP_T_Yoga_1,efficientpose,116,3.847135,ok,1,direct,0.447571,15,left_ankle,1,1,2.000000,684.730000,667.850000,2.000000,673.333313,646.666687,24.054464,76.097121,1,0.089000,0.777017
MP_T_Yoga_1,efficientpose,116,3.847135,ok,1,direct,0.447571,16,right_ankle,1,1,2.000000,633.150000,620.270000,2.000000,633.333313,646.666687,26.397324,76.097121,1,0.089000,0.737985
MP_T_Yoga_1,efficientpose,117,3.880300,ok,1,direct,0.390220,0,nose,1,1,2.000000,672.980000,241.160000,2.000000,633.333313,233.333328,40.411837,77.193068,1,0.026000,0.000301
MP_T_Yoga_1,efficientpose,117,3.880300,ok,1,direct,0.390220,1,left_eye,0,0,0.000000,0.000000,0.000000,2.000000,646.666687,220.000000,,,,0.025000,
MP_T_Yoga_1,efficientpose,117,3.880300,ok,1,direct,0.390220,2,right_eye,0,0,0.000000,0.000000,0.000000,2.000000,633.333313,220.000000,,,,0.025000,
MP_T_Yoga_1,efficientpose,117,3.880300,ok,1,direct,0.390220,3,left_ear,0,0,0.000000,0.000000,0.000000,2.000000,673.333313,233.333328,,,,0.035000,
MP_T_Yoga_1,efficientpose,117,3.880300,ok,1,direct,0.390220,4,right_ear,0,0,0.000000,0.000000,0.000000,2.000000,620.000000,233.333328,,,,0.035000,
MP_T_Yoga_1,efficientpose,117,3.880300,ok,1,direct,0.390220,5,left_shoulder,1,1,2.000000,718.200000,284.760000,2.000000,673.333313,273.333344,46.298899,77.193068,1,0.079000,0.315746
MP_T_Yoga_1,efficientpose,117,3.880300,ok,1,direct,0.390220,6,right_shoulder,1,1,2.000000,630.170000,289.910000,2.000000,566.666687,286.666656,63.586084,77.193068,1,0.079000,0.113674
MP_T_Yoga_1,efficientpose,117,3.880300,ok,1,direct,0.390220,7,left_elbow,1,1,2.000000,788.320000,245.160000,2.000000,766.666687,246.666672,21.705668,77.193068,1,0.072000,0.737095
MP_T_Yoga_1,efficientpose,117,3.880300,ok,1,direct,0.390220,8,right_elbow,1,1,2.000000,575.770000,247.700000,2.000000,526.666687,246.666672,49.114184,77.193068,1,0.072000,0.209761
MP_T_Yoga_1,efficientpose,117,3.880300,ok,1,direct,0.390220,9,left_wrist,1,1,2.000000,840.340000,197.890000,2.000000,833.333313,193.333328,8.358045,77.193068,1,0.062000,0.940827
MP_T_Yoga_1,efficientpose,117,3.880300,ok,1,direct,0.390220,10,right_wrist,1,1,2.000000,533.800000,181.860000,2.000000,513.333313,193.333328,23.463217,77.193068,1,0.062000,0.618357
MP_T_Yoga_1,efficientpose,117,3.880300,ok,1,direct,0.390220,11,left_hip,1,1,2.000000,704.750000,417.980000,2.000000,713.333313,393.333344,26.098485,77.193068,1,0.107000,0.818992
MP_T_Yoga_1,efficientpose,117,3.880300,ok,1,direct,0.390220,12,right_hip,1,1,2.000000,654.330000,416.790000,2.000000,700.000000,406.666656,46.778531,77.193068,1,0.107000,0.526500
MP_T_Yoga_1,efficientpose,117,3.880300,ok,1,direct,0.390220,13,left_knee,1,1,2.000000,695.560000,560.920000,2.000000,620.000000,486.666656,105.938060,77.193068,0,0.087000,0.006897
MP_T_Yoga_1,efficientpose,117,3.880300,ok,1,direct,0.390220,14,right_knee,1,1,2.000000,602.280000,520.390000,2.000000,620.000000,486.666656,38.095437,77.193068,1,0.087000,0.525425
MP_T_Yoga_1,efficientpose,117,3.880300,ok,1,direct,0.390220,15,left_ankle,1,1,2.000000,684.720000,667.830000,2.000000,646.666687,646.666687,43.542398,77.193068,1,0.089000,0.447815
MP_T_Yoga_1,efficientpose,117,3.880300,ok,1,direct,0.390220,16,right_ankle,1,1,2.000000,630.560000,630.520000,2.000000,633.333313,646.666687,16.383124,77.193068,1,0.089000,0.892496
MP_T_Yoga_1,efficientpose,118,3.913465,ok,1,direct,0.286280,0,nose,1,1,2.000000,672.720000,240.640000,2.000000,606.666687,246.666672,66.327678,78.221138,1,0.026000,0.000000
MP_T_Yoga_1,efficientpose,118,3.913465,ok,1,direct,0.286280,1,left_eye,0,0,0.000000,0.000000,0.000000,2.000000,633.333313,233.333328,,,,0.025000,
MP_T_Yoga_1,efficientpose,118,3.913465,ok,1,direct,0.286280,2,right_eye,0,0,0.000000,0.000000,0.000000,2.000000,620.000000,233.333328,,,,0.025000,
MP_T_Yoga_1,efficientpose,118,3.913465,ok,1,direct,0.286280,3,left_ear,0,0,0.000000,0.000000,0.000000,2.000000,660.000000,246.666672,,,,0.035000,
MP_T_Yoga_1,efficientpose,118,3.913465,ok,1,direct,0.286280,4,right_ear,0,0,0.000000,0.000000,0.000000,2.000000,606.666687,246.666672,,,,0.035000,
MP_T_Yoga_1,efficientpose,118,3.913465,ok,1,direct,0.286280,5,left_shoulder,1,1,2.000000,717.690000,285.350000,2.000000,660.000000,273.333344,58.928229,78.221138,1,0.079000,0.162228
MP_T_Yoga_1,efficientpose,118,3.913465,ok,1,direct,0.286280,6,right_shoulder,1,1,2.000000,629.290000,290.100000,2.000000,540.000000,286.666656,89.355984,78.221138,0,0.079000,0.015269
MP_T_Yoga_1,efficientpose,118,3.913465,ok,1,direct,0.286280,7,left_elbow,1,1,2.000000,790.470000,249.540000,2.000000,740.000000,246.666672,50.551725,78.221138,1,0.072000,0.199619
MP_T_Yoga_1,efficientpose,118,3.913465,ok,1,direct,0.286280,8,right_elbow,1,1,2.000000,571.400000,252.210000,2.000000,526.666687,260.000000,45.406535,78.221138,1,0.072000,0.272524
MP_T_Yoga_1,efficientpose,118,3.913465,ok,1,direct,0.286280,9,left_wrist,1,1,2.000000,845.510000,206.940000,2.000000,526.666687,206.666672,318.843430,78.221138,0,0.062000,0.000000
MP_T_Yoga_1,efficientpose,118,3.913465,ok,1,direct,0.286280,10,right_wrist,1,1,2.000000,525.810000,189.340000,2.000000,513.333313,193.333328,13.100168,78.221138,1,0.062000,0.864216
MP_T_Yoga_1,efficientpose,118,3.913465,ok,1,direct,0.286280,11,left_hip,1,1,2.000000,704.110000,418.450000,2.000000,700.000000,380.000000,38.669039,78.221138,1,0.107000,0.652519
MP_T_Yoga_1,efficientpose,118,3.913465,ok,1,direct,0.286280,12,right_hip,1,1,2.000000,652.860000,416.470000,2.000000,686.666687,393.333344,40.965802,78.221138,1,0.107000,0.619319
MP_T_Yoga_1,efficientpose,118,3.913465,ok,1,direct,0.286280,13,left_knee,1,1,2.000000,695.440000,560.910000,2.000000,633.333313,500.000000,86.990049,78.221138,0,0.087000,0.038082
MP_T_Yoga_1,efficientpose,118,3.913465,ok,1,direct,0.286280,14,right_knee,1,1,2.000000,605.360000,524.470000,2.000000,620.000000,486.666656,40.539146,78.221138,1,0.087000,0.491778
MP_T_Yoga_1,efficientpose,118,3.913465,ok,1,direct,0.286280,15,left_ankle,1,1,2.000000,684.710000,667.800000,2.000000,806.666687,233.333328,451.259041,78.221138,0,0.089000,0.000000
MP_T_Yoga_1,efficientpose,118,3.913465,ok,1,direct,0.286280,16,right_ankle,1,1,2.000000,633.780000,634.970000,2.000000,633.333313,646.666687,11.705213,78.221138,1,0.089000,0.945028
MP_T_Yoga_1,efficientpose,119,3.946630,ok,1,direct,0.436182,0,nose,1,1,2.000000,672.470000,240.130000,2.000000,633.333313,246.666672,39.678815,79.187501,1,0.026000,0.000594
MP_T_Yoga_1,efficientpose,119,3.946630,ok,1,direct,0.436182,1,left_eye,0,0,0.000000,0.000000,0.000000,2.000000,660.000000,233.333328,,,,0.025000,
MP_T_Yoga_1,efficientpose,119,3.946630,ok,1,direct,0.436182,2,right_eye,0,0,0.000000,0.000000,0.000000,2.000000,633.333313,246.666672,,,,0.025000,
MP_T_Yoga_1,efficientpose,119,3.946630,ok,1,direct,0.436182,3,left_ear,0,0,0.000000,0.000000,0.000000,2.000000,673.333313,246.666672,,,,0.035000,
MP_T_Yoga_1,efficientpose,119,3.946630,ok,1,direct,0.436182,4,right_ear,0,0,0.000000,0.000000,0.000000,2.000000,620.000000,246.666672,,,,0.035000,
MP_T_Yoga_1,efficientpose,119,3.946630,ok,1,direct,0.436182,5,left_shoulder,1,1,2.000000,717.180000,285.950000,2.000000,700.000000,260.000000,31.121615,79.187501,1,0.079000,0.609584
MP_T_Yoga_1,efficientpose,119,3.946630,ok,1,direct,0.436182,6,right_shoulder,1,1,2.000000,628.410000,290.300000,2.000000,566.666687,286.666656,61.850124,79.187501,1,0.079000,0.141566
MP_T_Yoga_1,efficientpose,119,3.946630,ok,1,direct,0.436182,7,left_elbow,1,1,2.000000,792.620000,253.930000,2.000000,766.666687,260.000000,26.653693,79.187501,1,0.072000,0.645916
MP_T_Yoga_1,efficientpose,119,3.946630,ok,1,direct,0.436182,8,right_elbow,1,1,2.000000,567.030000,256.730000,2.000000,540.000000,260.000000,27.227078,79.187501,1,0.072000,0.633755
MP_T_Yoga_1,efficientpose,119,3.946630,ok,1,direct,0.436182,9,left_wrist,1,1,2.000000,850.690000,216.000000,2.000000,833.333313,220.000000,17.811642,79.187501,1,0.062000,0.768562
MP_T_Yoga_1,efficientpose,119,3.946630,ok,1,direct,0.436182,10,right_wrist,1,1,2.000000,517.810000,196.830000,2.000000,513.333313,193.333328,5.680444,79.187501,1,0.062000,0.973582
MP_T_Yoga_1,efficientpose,119,3.946630,ok,1,direct,0.436182,11,left_hip,1,1,2.000000,703.480000,418.910000,2.000000,700.000000,406.666656,12.728309,79.187501,1,0.107000,0.955871
MP_T_Yoga_1,efficientpose,119,3.946630,ok,1,direct,0.436182,12,right_hip,1,1,2.000000,651.390000,416.150000,2.000000,646.666687,406.666656,10.594503,79.187501,1,0.107000,0.969215
MP_T_Yoga_1,efficientpose,119,3.946630,ok,1,direct,0.436182,13,left_knee,1,1,2.000000,695.330000,560.910000,2.000000,686.666687,513.333313,48.359013,79.187501,1,0.087000,0.373273
MP_T_Yoga_1,efficientpose,119,3.946630,ok,1,direct,0.436182,14,right_knee,1,1,2.000000,608.450000,528.550000,2.000000,606.666687,500.000000,28.605641,79.187501,1,0.087000,0.708354
MP_T_Yoga_1,efficientpose,119,3.946630,ok,1,direct,0.436182,15,left_ankle,1,1,2.000000,684.690000,667.770000,2.000000,673.333313,660.000000,13.760350,79.187501,1,0.089000,0.926592
MP_T_Yoga_1,efficientpose,119,3.946630,ok,1,direct,0.436182,16,right_ankle,1,1,2.000000,637.000000,639.410000,2.000000,620.000000,646.666687,18.484034,79.187501,1,0.089000,0.871472
MP_T_Yoga_1,efficientpose,120,3.979795,ok,1,direct,0.550862,0,nose,1,1,2.000000,672.210000,239.610000,2.000000,646.666687,246.666672,26.500141,80.092434,1,0.026000,0.039207
MP_T_Yoga_1,efficientpose,120,3.979795,ok,1,direct,0.550862,1,left_eye,0,0,0.000000,0.000000,0.000000,2.000000,660.000000,233.333328,,,,0.025000,
MP_T_Yoga_1,efficientpose,120,3.979795,ok,1,direct,0.550862,2,right_eye,0,0,0.000000,0.000000,0.000000,2.000000,646.666687,233.333328,,,,0.025000,
MP_T_Yoga_1,efficientpose,120,3.979795,ok,1,direct,0.550862,3,left_ear,0,0,0.000000,0.000000,0.000000,2.000000,686.666687,246.666672,,,,0.035000,
MP_T_Yoga_1,efficientpose,120,3.979795,ok,1,direct,0.550862,4,right_ear,0,0,0.000000,0.000000,0.000000,2.000000,633.333313,233.333328,,,,0.035000,
MP_T_Yoga_1,efficientpose,120,3.979795,ok,1,direct,0.550862,5,left_shoulder,1,1,2.000000,716.670000,286.540000,2.000000,700.000000,273.333344,21.267456,80.092434,1,0.079000,0.797753
MP_T_Yoga_1,efficientpose,120,3.979795,ok,1,direct,0.550862,6,right_shoulder,1,1,2.000000,627.530000,290.490000,2.000000,580.000000,273.333344,50.531691,80.092434,1,0.079000,0.279258
MP_T_Yoga_1,efficientpose,120,3.979795,ok,1,direct,0.550862,7,left_elbow,1,1,2.000000,794.770000,258.310000,2.000000,766.666687,273.333344,31.866864,80.092434,1,0.072000,0.542946
MP_T_Yoga_1,efficientpose,120,3.979795,ok,1,direct,0.550862,8,right_elbow,1,1,2.000000,562.660000,261.250000,2.000000,540.000000,273.333344,25.680397,80.092434,1,0.072000,0.672583
MP_T_Yoga_1,efficientpose,120,3.979795,ok,1,direct,0.550862,9,left_wrist,1,1,2.000000,855.860000,225.050000,2.000000,846.666687,233.333328,12.374592,80.092434,1,0.062000,0.883202
MP_T_Yoga_1,efficientpose,120,3.979795,ok,1,direct,0.550862,10,right_wrist,1,1,2.000000,509.810000,204.310000,2.000000,513.333313,220.000000,16.080729,80.092434,1,0.062000,0.810797
MP_T_Yoga_1,efficientpose,120,3.979795,ok,1,direct,0.550862,11,left_hip,1,1,2.000000,702.840000,419.380000,2.000000,700.000000,406.666656,13.026692,80.092434,1,0.107000,0.954840
MP_T_Yoga_1,efficientpose,120,3.979795,ok,1,direct,0.550862,12,right_hip,1,1,2.000000,649.920000,415.830000,2.000000,646.666687,406.666656,9.723729,80.092434,1,0.107000,0.974581
MP_T_Yoga_1,efficientpose,120,3.979795,ok,1,direct,0.550862,13,left_knee,1,1,2.000000,695.210000,560.900000,2.000000,686.666687,526.666687,35.283253,80.092434,1,0.087000,0.598818
MP_T_Yoga_1,efficientpose,120,3.979795,ok,1,direct,0.550862,14,right_knee,1,1,2.000000,611.530000,532.630000,2.000000,606.666687,500.000000,32.990434,80.092434,1,0.087000,0.638703
MP_T_Yoga_1,efficientpose,120,3.979795,ok,1,direct,0.550862,15,left_ankle,1,1,2.000000,684.680000,667.740000,2.000000,673.333313,660.000000,13.735170,80.092434,1,0.089000,0.928433
MP_T_Yoga_1,efficientpose,120,3.979795,ok,1,direct,0.550862,16,right_ankle,1,1,2.000000,640.220000,643.860000,2.000000,620.000000,646.666687,20.413865,80.092434,1,0.089000,0.848718
MP_T_Yoga_1,efficientpose,121,4.012960,ok,1,direct,0.394338,0,nose,1,1,2.000000,670.910000,238.990000,2.000000,646.666687,246.666672,25.429697,79.656642,1,0.026000,0.049034
MP_T_Yoga_1,efficientpose,121,4.012960,ok,1,direct,0.394338,1,left_eye,0,0,0.000000,0.000000,0.000000,2.000000,660.000000,233.333328,,,,0.025000,
MP_T_Yoga_1,efficientpose,121,4.012960,ok,1,direct,0.394338,2,right_eye,0,0,0.000000,0.000000,0.000000,2.000000,633.333313,233.333328,,,,0.025000,
MP_T_Yoga_1,efficientpose,121,4.012960,ok,1,direct,0.394338,3,left_ear,0,0,0.000000,0.000000,0.000000,2.000000,673.333313,246.666672,,,,0.035000,
MP_T_Yoga_1,efficientpose,121,4.012960,ok,1,direct,0.394338,4,right_ear,0,0,0.000000,0.000000,0.000000,2.000000,633.333313,246.666672,,,,0.035000,
MP_T_Yoga_1,efficientpose,121,4.012960,ok,1,direct,0.394338,5,left_shoulder,1,1,2.000000,716.150000,287.130000,2.000000,700.000000,286.666656,16.156645,79.656642,1,0.079000,0.876485
MP_T_Yoga_1,efficientpose,121,4.012960,ok,1,direct,0.394338,6,right_shoulder,1,1,2.000000,626.640000,290.680000,2.000000,566.666687,286.666656,60.107447,79.656642,1,0.079000,0.161268
MP_T_Yoga_1,efficientpose,121,4.012960,ok,1,direct,0.394338,7,left_elbow,1,1,2.000000,793.760000,265.850000,2.000000,766.666687,273.333344,28.107793,79.656642,1,0.072000,0.618555
MP_T_Yoga_1,efficientpose,121,4.012960,ok,1,direct,0.394338,8,right_elbow,1,1,2.000000,561.650000,267.970000,2.000000,540.000000,273.333344,22.304438,79.656642,1,0.072000,0.738980
MP_T_Yoga_1,efficientpose,121,4.012960,ok,1,direct,0.394338,9,left_wrist,1,1,2.000000,857.010000,237.530000,2.000000,846.666687,233.333328,11.162266,79.656642,1,0.062000,0.902879
MP_T_Yoga_1,efficientpose,121,4.012960,ok,1,direct,0.394338,10,right_wrist,1,1,2.000000,504.100000,218.220000,2.000000,500.000000,206.666672,12.259257,79.656642,1,0.062000,0.884057
MP_T_Yoga_1,efficientpose,121,4.012960,ok,1,direct,0.394338,11,left_hip,1,1,2.000000,702.210000,419.850000,2.000000,686.666687,380.000000,42.774023,79.656642,1,0.107000,0.604286
MP_T_Yoga_1,efficientpose,121,4.012960,ok,1,direct,0.394338,12,right_hip,1,1,2.000000,647.210000,416.760000,2.000000,606.666687,380.000000,54.727122,79.656642,1,0.107000,0.438427
MP_T_Yoga_1,efficientpose,121,4.012960,ok,1,direct,0.394338,13,left_knee,1,1,2.000000,695.100000,560.890000,2.000000,660.000000,500.000000,70.282303,79.656642,1,0.087000,0.127834
MP_T_Yoga_1,efficientpose,121,4.012960,ok,1,direct,0.394338,14,right_knee,1,1,2.000000,616.140000,537.700000,2.000000,580.000000,486.666656,62.534005,79.656642,1,0.087000,0.196229
MP_T_Yoga_1,efficientpose,121,4.012960,ok,1,direct,0.394338,15,left_ankle,1,1,2.000000,684.670000,667.710000,2.000000,806.666687,246.666672,438.361353,79.656642,0,0.089000,0.000000
MP_T_Yoga_1,efficientpose,121,4.012960,ok,1,direct,0.394338,16,right_ankle,1,1,2.000000,642.750000,648.000000,2.000000,566.666687,633.333313,77.484077,79.656642,1,0.089000,0.091714
MP_T_Yoga_1,efficientpose,122,4.046125,ok,1,direct,0.270590,0,nose,1,1,2.000000,669.610000,238.380000,2.000000,646.666687,246.666672,24.393945,79.170152,1,0.026000,0.060276
MP_T_Yoga_1,efficientpose,122,4.046125,ok,1,direct,0.270590,1,left_eye,0,0,0.000000,0.000000,0.000000,2.000000,660.000000,233.333328,,,,0.025000,
MP_T_Yoga_1,efficientpose,122,4.046125,ok,1,direct,0.270590,2,right_eye,0,0,0.000000,0.000000,0.000000,2.000000,646.666687,233.333328,,,,0.025000,
MP_T_Yoga_1,efficientpose,122,4.046125,ok,1,direct,0.270590,3,left_ear,0,0,0.000000,0.000000,0.000000,2.000000,686.666687,246.666672,,,,0.035000,
MP_T_Yoga_1,efficientpose,122,4.046125,ok,1,direct,0.270590,4,right_ear,0,0,0.000000,0.000000,0.000000,2.000000,633.333313,246.666672,,,,0.035000,
MP_T_Yoga_1,efficientpose,122,4.046125,ok,1,direct,0.270590,5,left_shoulder,1,1,2.000000,715.640000,287.720000,2.000000,686.666687,286.666656,28.992454,79.170152,1,0.079000,0.650667
MP_T_Yoga_1,efficientpose,122,4.046125,ok,1,direct,0.270590,6,right_shoulder,1,1,2.000000,625.760000,290.870000,2.000000,553.333313,273.333344,74.519523,79.170152,1,0.079000,0.058474
MP_T_Yoga_1,efficientpose,122,4.046125,ok,1,direct,0.270590,7,left_elbow,1,1,2.000000,792.750000,273.380000,2.000000,740.000000,273.333344,52.750021,79.170152,1,0.072000,0.180374
MP_T_Yoga_1,efficientpose,122,4.046125,ok,1,direct,0.270590,8,right_elbow,1,1,2.000000,560.640000,274.690000,2.000000,540.000000,273.333344,20.684538,79.170152,1,0.072000,0.768473
MP_T_Yoga_1,efficientpose,122,4.046125,ok,1,direct,0.270590,9,left_wrist,1,1,2.000000,858.160000,250.000000,2.000000,833.333313,260.000000,26.764984,79.170152,1,0.062000,0.551758
MP_T_Yoga_1,efficientpose,122,4.046125,ok,1,direct,0.270590,10,right_wrist,1,1,2.000000,498.390000,232.140000,2.000000,500.000000,233.333328,2.004029,79.170152,1,0.062000,0.996672
MP_T_Yoga_1,efficientpose,122,4.046125,ok,1,direct,0.270590,11,left_hip,1,1,2.000000,701.570000,420.310000,2.000000,686.666687,380.000000,42.976794,79.170152,1,0.107000,0.597642
MP_T_Yoga_1,efficientpose,122,4.046125,ok,1,direct,0.270590,12,right_hip,1,1,2.000000,644.510000,417.690000,2.000000,633.333313,380.000000,39.312268,79.170152,1,0.107000,0.650040
MP_T_Yoga_1,efficientpose,122,4.046125,ok,1,direct,0.270590,13,left_knee,1,1,2.000000,694.980000,560.890000,2.000000,660.000000,473.333344,94.285569,79.170152,0,0.087000,0.023573
MP_T_Yoga_1,efficientpose,122,4.046125,ok,1,direct,0.270590,14,right_knee,1,1,2.000000,620.740000,542.760000,2.000000,566.666687,460.000000,98.859197,79.170152,0,0.087000,0.016244
MP_T_Yoga_1,efficientpose,122,4.046125,ok,1,direct,0.270590,15,left_ankle,1,1,2.000000,684.660000,667.690000,2.000000,806.666687,260.000000,425.554659,79.170152,0,0.089000,0.000000
MP_T_Yoga_1,efficientpose,122,4.046125,ok,1,direct,0.270590,16,right_ankle,1,1,2.000000,645.280000,652.140000,2.000000,633.333313,660.000000,14.300452,79.170152,1,0.089000,0.920921
MP_T_Yoga_1,efficientpose,123,4.079290,ok,1,direct,0.448565,0,nose,1,1,2.000000,668.320000,237.760000,2.000000,660.000000,233.333328,9.424321,79.402402,1,0.026000,0.659160
MP_T_Yoga_1,efficientpose,123,4.079290,ok,1,direct,0.448565,1,left_eye,0,0,0.000000,0.000000,0.000000,2.000000,673.333313,233.333328,,,,0.025000,
MP_T_Yoga_1,efficientpose,123,4.079290,ok,1,direct,0.448565,2,right_eye,0,0,0.000000,0.000000,0.000000,2.000000,660.000000,233.333328,,,,0.025000,
MP_T_Yoga_1,efficientpose,123,4.079290,ok,1,direct,0.448565,3,left_ear,0,0,0.000000,0.000000,0.000000,2.000000,686.666687,246.666672,,,,0.035000,
MP_T_Yoga_1,efficientpose,123,4.079290,ok,1,direct,0.448565,4,right_ear,0,0,0.000000,0.000000,0.000000,2.000000,633.333313,233.333328,,,,0.035000,
MP_T_Yoga_1,efficientpose,123,4.079290,ok,1,direct,0.448565,5,left_shoulder,1,1,2.000000,715.130000,288.310000,2.000000,700.000000,286.666656,15.218984,79.402402,1,0.079000,0.888938
MP_T_Yoga_1,efficientpose,123,4.079290,ok,1,direct,0.448565,6,right_shoulder,1,1,2.000000,624.880000,291.070000,2.000000,593.333313,273.333344,36.190917,79.402402,1,0.079000,0.513891
MP_T_Yoga_1,efficientpose,123,4.079290,ok,1,direct,0.448565,7,left_elbow,1,1,2.000000,791.740000,280.910000,2.000000,780.000000,286.666656,13.075423,79.402402,1,0.072000,0.900668
MP_T_Yoga_1,efficientpose,123,4.079290,ok,1,direct,0.448565,8,right_elbow,1,1,2.000000,559.640000,281.400000,2.000000,526.666687,273.333344,33.945697,79.402402,1,0.072000,0.494046
MP_T_Yoga_1,efficientpose,123,4.079290,ok,1,direct,0.448565,9,left_wrist,1,1,2.000000,859.320000,262.480000,2.000000,846.666687,260.000000,12.894058,79.402402,1,0.062000,0.871795
MP_T_Yoga_1,efficientpose,123,4.079290,ok,1,direct,0.448565,10,right_wrist,1,1,2.000000,492.680000,246.050000,2.000000,486.666656,246.666672,6.044881,79.402402,1,0.062000,0.970295
MP_T_Yoga_1,efficientpose,123,4.079290,ok,1,direct,0.448565,11,left_hip,1,1,2.000000,700.930000,420.780000,2.000000,686.666687,406.666656,20.065606,79.402402,1,0.107000,0.894440
MP_T_Yoga_1,efficientpose,123,4.079290,ok,1,direct,0.448565,12,right_hip,1,1,2.000000,641.810000,418.620000,2.000000,633.333313,420.000000,8.588284,79.402402,1,0.107000,0.979771
MP_T_Yoga_1,efficientpose,123,4.079290,ok,1,direct,0.448565,13,left_knee,1,1,2.000000,694.870000,560.880000,2.000000,660.000000,486.666656,81.997178,79.402402,0,0.087000,0.059733
MP_T_Yoga_1,efficientpose,123,4.079290,ok,1,direct,0.448565,14,right_knee,1,1,2.000000,625.350000,547.830000,2.000000,580.000000,486.666656,76.141822,79.402402,1,0.087000,0.088054
MP_T_Yoga_1,efficientpose,123,4.079290,ok,1,direct,0.448565,15,left_ankle,1,1,2.000000,684.650000,667.660000,2.000000,660.000000,660.000000,25.812751,79.402402,1,0.089000,0.765795
MP_T_Yoga_1,efficientpose,123,4.079290,ok,1,direct,0.448565,16,right_ankle,1,1,2.000000,647.820000,656.290000,2.000000,633.333313,660.000000,14.954203,79.402402,1,0.089000,0.914334
MP_T_Yoga_1,efficientpose,124,4.112455,ok,1,direct,0.373152,0,nose,1,1,2.000000,667.020000,237.140000,2.000000,660.000000,246.666672,11.833760,80.196762,1,0.026000,0.525087
MP_T_Yoga_1,efficientpose,124,4.112455,ok,1,direct,0.373152,1,left_eye,0,0,0.000000,0.000000,0.000000,2.000000,673.333313,233.333328,,,,0.025000,
MP_T_Yoga_1,efficientpose,124,4.112455,ok,1,direct,0.373152,2,right_eye,0,0,0.000000,0.000000,0.000000,2.000000,646.666687,233.333328,,,,0.025000,
MP_T_Yoga_1,efficientpose,124,4.112455,ok,1,direct,0.373152,3,left_ear,0,0,0.000000,0.000000,0.000000,2.000000,686.666687,246.666672,,,,0.035000,
MP_T_Yoga_1,efficientpose,124,4.112455,ok,1,direct,0.373152,4,right_ear,0,0,0.000000,0.000000,0.000000,2.000000,633.333313,233.333328,,,,0.035000,
MP_T_Yoga_1,efficientpose,124,4.112455,ok,1,direct,0.373152,5,left_shoulder,1,1,2.000000,714.620000,288.910000,2.000000,700.000000,286.666656,14.791112,80.196762,1,0.079000,0.896722
MP_T_Yoga_1,efficientpose,124,4.112455,ok,1,direct,0.373152,6,right_shoulder,1,1,2.000000,624.000000,291.260000,2.000000,566.666687,286.666656,57.517020,80.196762,1,0.079000,0.192363
MP_T_Yoga_1,efficientpose,124,4.112455,ok,1,direct,0.373152,7,left_elbow,1,1,2.000000,790.740000,288.450000,2.000000,766.666687,286.666656,24.139277,80.196762,1,0.072000,0.705011
MP_T_Yoga_1,efficientpose,124,4.112455,ok,1,direct,0.373152,8,right_elbow,1,1,2.000000,558.630000,288.120000,2.000000,500.000000,286.666656,58.648010,80.196762,1,0.072000,0.127037
MP_T_Yoga_1,efficientpose,124,4.112455,ok,1,direct,0.373152,9,left_wrist,1,1,2.000000,860.470000,274.960000,2.000000,846.666687,260.000000,20.355173,80.196762,1,0.062000,0.715207
MP_T_Yoga_1,efficientpose,124,4.112455,ok,1,direct,0.373152,10,right_wrist,1,1,2.000000,486.970000,259.970000,2.000000,500.000000,260.000000,13.030035,80.196762,1,0.062000,0.871666
MP_T_Yoga_1,efficientpose,124,4.112455,ok,1,direct,0.373152,11,left_hip,1,1,2.000000,700.300000,421.250000,2.000000,686.666687,420.000000,13.690498,80.196762,1,0.107000,0.950366
MP_T_Yoga_1,efficientpose,124,4.112455,ok,1,direct,0.373152,12,right_hip,1,1,2.000000,639.100000,419.550000,2.000000,633.333313,433.333344,14.941059,80.196762,1,0.107000,0.941168
MP_T_Yoga_1,efficientpose,124,4.112455,ok,1,direct,0.373152,13,left_knee,1,1,2.000000,694.750000,560.870000,2.000000,633.333313,486.666656,96.323131,80.196762,0,0.087000,0.022107
MP_T_Yoga_1,efficientpose,124,4.112455,ok,1,direct,0.373152,14,right_knee,1,1,2.000000,629.950000,552.890000,2.000000,580.000000,486.666656,82.948983,80.196762,0,0.087000,0.059200
MP_T_Yoga_1,efficientpose,124,4.112455,ok,1,direct,0.373152,15,left_ankle,1,1,2.000000,684.640000,667.630000,2.000000,673.333313,660.000000,13.640311,80.196762,1,0.089000,0.929560
MP_T_Yoga_1,efficientpose,124,4.112455,ok,1,direct,0.373152,16,right_ankle,1,1,2.000000,650.350000,660.430000,2.000000,633.333313,660.000000,17.022119,80.196762,1,0.089000,0.892478
MP_T_Yoga_1,efficientpose,125,4.145620,ok,1,direct,0.329153,0,nose,1,1,2.000000,665.720000,236.530000,2.000000,646.666687,233.333328,19.319613,80.984390,1,0.026000,0.185676
MP_T_Yoga_1,efficientpose,125,4.145620,ok,1,direct,0.329153,1,left_eye,0,0,0.000000,0.000000,0.000000,2.000000,660.000000,233.333328,,,,0.025000,
MP_T_Yoga_1,efficientpose,125,4.145620,ok,1,direct,0.329153,2,right_eye,0,0,0.000000,0.000000,0.000000,2.000000,646.666687,233.333328,,,,0.025000,
MP_T_Yoga_1,efficientpose,125,4.145620,ok,1,direct,0.329153,3,left_ear,0,0,0.000000,0.000000,0.000000,2.000000,686.666687,246.666672,,,,0.035000,
MP_T_Yoga_1,efficientpose,125,4.145620,ok,1,direct,0.329153,4,right_ear,0,0,0.000000,0.000000,0.000000,2.000000,633.333313,233.333328,,,,0.035000,
MP_T_Yoga_1,efficientpose,125,4.145620,ok,1,direct,0.329153,5,left_shoulder,1,1,2.000000,714.110000,289.500000,2.000000,700.000000,300.000000,17.588124,80.984390,1,0.079000,0.859718
MP_T_Yoga_1,efficientpose,125,4.145620,ok,1,direct,0.329153,6,right_shoulder,1,1,2.000000,623.120000,291.450000,2.000000,566.666687,273.333344,59.289036,80.984390,1,0.079000,0.179496
MP_T_Yoga_1,efficientpose,125,4.145620,ok,1,direct,0.329153,7,left_elbow,1,1,2.000000,789.730000,295.980000,2.000000,780.000000,286.666656,13.468900,80.984390,1,0.072000,0.898782
MP_T_Yoga_1,efficientpose,125,4.145620,ok,1,direct,0.329153,8,right_elbow,1,1,2.000000,557.620000,294.840000,2.000000,500.000000,286.666656,58.196804,80.984390,1,0.072000,0.136378
MP_T_Yoga_1,efficientpose,125,4.145620,ok,1,direct,0.329153,9,left_wrist,1,1,2.000000,861.620000,287.430000,2.000000,846.666687,273.333344,20.550360,80.984390,1,0.062000,0.715317
MP_T_Yoga_1,efficientpose,125,4.145620,ok,1,direct,0.329153,10,right_wrist,1,1,2.000000,481.260000,273.880000,2.000000,446.666656,326.666656,63.112047,80.984390,1,0.062000,0.042431
MP_T_Yoga_1,efficientpose,125,4.145620,ok,1,direct,0.329153,11,left_hip,1,1,2.000000,699.660000,421.710000,2.000000,700.000000,420.000000,1.743474,80.984390,1,0.107000,0.999191
MP_T_Yoga_1,efficientpose,125,4.145620,ok,1,direct,0.329153,12,right_hip,1,1,2.000000,636.400000,420.480000,2.000000,646.666687,446.666656,28.127315,80.984390,1,0.107000,0.809997
MP_T_Yoga_1,efficientpose,125,4.145620,ok,1,direct,0.329153,13,left_knee,1,1,2.000000,694.640000,560.860000,2.000000,660.000000,486.666656,81.881511,80.984390,0,0.087000,0.067123
MP_T_Yoga_1,efficientpose,125,4.145620,ok,1,direct,0.329153,14,right_knee,1,1,2.000000,634.560000,557.960000,2.000000,606.666687,486.666656,76.555717,80.984390,1,0.087000,0.094301
MP_T_Yoga_1,efficientpose,125,4.145620,ok,1,direct,0.329153,15,left_ankle,1,1,2.000000,684.630000,667.600000,2.000000,686.666687,646.666687,21.032158,80.984390,1,0.089000,0.843412
MP_T_Yoga_1,efficientpose,125,4.145620,ok,1,direct,0.329153,16,right_ankle,1,1,2.000000,652.880000,664.580000,2.000000,646.666687,660.000000,7.718916,80.984390,1,0.089000,0.977323
MP_T_Yoga_1,efficientpose,126,4.178785,ok,1,direct,0.363483,0,nose,1,1,2.000000,664.390000,236.660000,2.000000,660.000000,233.333328,5.508071,80.443843,1,0.026000,0.870484
MP_T_Yoga_1,efficientpose,126,4.178785,ok,1,direct,0.363483,1,left_eye,0,0,0.000000,0.000000,0.000000,2.000000,673.333313,220.000000,,,,0.025000,
MP_T_Yoga_1,efficientpose,126,4.178785,ok,1,direct,0.363483,2,right_eye,0,0,0.000000,0.000000,0.000000,2.000000,660.000000,220.000000,,,,0.025000,
MP_T_Yoga_1,efficientpose,126,4.178785,ok,1,direct,0.363483,3,left_ear,0,0,0.000000,0.000000,0.000000,2.000000,673.333313,233.333328,,,,0.035000,
MP_T_Yoga_1,efficientpose,126,4.178785,ok,1,direct,0.363483,4,right_ear,0,0,0.000000,0.000000,0.000000,2.000000,633.333313,233.333328,,,,0.035000,
MP_T_Yoga_1,efficientpose,126,4.178785,ok,1,direct,0.363483,5,left_shoulder,1,1,2.000000,712.300000,290.930000,2.000000,700.000000,300.000000,15.282503,80.443843,1,0.079000,0.890779
MP_T_Yoga_1,efficientpose,126,4.178785,ok,1,direct,0.363483,6,right_shoulder,1,1,2.000000,621.320000,292.140000,2.000000,593.333313,273.333344,33.718615,80.443843,1,0.079000,0.569482
MP_T_Yoga_1,efficientpose,126,4.178785,ok,1,direct,0.363483,7,left_elbow,1,1,2.000000,786.670000,303.440000,2.000000,793.333313,300.000000,7.498889,80.443843,1,0.072000,0.967030
MP_T_Yoga_1,efficientpose,126,4.178785,ok,1,direct,0.363483,8,right_elbow,1,1,2.000000,558.150000,301.630000,2.000000,500.000000,300.000000,58.172841,80.443843,1,0.072000,0.132984
MP_T_Yoga_1,efficientpose,126,4.178785,ok,1,direct,0.363483,9,left_wrist,1,1,2.000000,856.820000,302.080000,2.000000,846.666687,300.000000,10.364177,80.443843,1,0.062000,0.917261
MP_T_Yoga_1,efficientpose,126,4.178785,ok,1,direct,0.363483,10,right_wrist,1,1,2.000000,481.390000,289.740000,2.000000,446.666656,353.333344,72.455669,80.443843,1,0.062000,0.014685
MP_T_Yoga_1,efficientpose,126,4.178785,ok,1,direct,0.363483,11,left_hip,1,1,2.000000,697.960000,424.140000,2.000000,700.000000,433.333344,9.416962,80.443843,1,0.107000,0.976346
MP_T_Yoga_1,efficientpose,126,4.178785,ok,1,direct,0.363483,12,right_hip,1,1,2.000000,636.000000,423.000000,2.000000,660.000000,460.000000,44.102154,80.443843,1,0.107000,0.591529
MP_T_Yoga_1,efficientpose,126,4.178785,ok,1,direct,0.363483,13,left_knee,1,1,2.000000,693.840000,560.470000,2.000000,646.666687,486.666656,87.591409,80.443843,0,0.087000,0.043597
MP_T_Yoga_1,efficientpose,126,4.178785,ok,1,direct,0.363483,14,right_knee,1,1,2.000000,635.360000,557.960000,2.000000,593.333313,486.666656,82.758584,80.443843,0,0.087000,0.061017
MP_T_Yoga_1,efficientpose,126,4.178785,ok,1,direct,0.363483,15,left_ankle,1,1,2.000000,684.620000,667.580000,2.000000,660.000000,660.000000,25.760450,80.443843,1,0.089000,0.771882
MP_T_Yoga_1,efficientpose,126,4.178785,ok,1,direct,0.363483,16,right_ankle,1,1,2.000000,653.020000,664.980000,2.000000,633.333313,660.000000,20.306798,80.443843,1,0.089000,0.851380
MP_T_Yoga_1,efficientpose,127,4.211950,ok,1,direct,0.468916,0,nose,1,1,2.000000,663.060000,236.790000,2.000000,660.000000,246.666672,10.339838,79.899081,1,0.026000,0.609278
MP_T_Yoga_1,efficientpose,127,4.211950,ok,1,direct,0.468916,1,left_eye,0,0,0.000000,0.000000,0.000000,2.000000,660.000000,233.333328,,,,0.025000,
MP_T_Yoga_1,efficientpose,127,4.211950,ok,1,direct,0.468916,2,right_eye,0,0,0.000000,0.000000,0.000000,2.000000,646.666687,233.333328,,,,0.025000,
MP_T_Yoga_1,efficientpose,127,4.211950,ok,1,direct,0.468916,3,left_ear,0,0,0.000000,0.000000,0.000000,2.000000,673.333313,246.666672,,,,0.035000,
MP_T_Yoga_1,efficientpose,127,4.211950,ok,1,direct,0.468916,4,right_ear,0,0,0.000000,0.000000,0.000000,2.000000,633.333313,246.666672,,,,0.035000,
MP_T_Yoga_1,efficientpose,127,4.211950,ok,1,direct,0.468916,5,left_shoulder,1,1,2.000000,710.480000,292.370000,2.000000,713.333313,286.666656,6.377266,79.899081,1,0.079000,0.979791
MP_T_Yoga_1,efficientpose,127,4.211950,ok,1,direct,0.468916,6,right_shoulder,1,1,2.000000,619.530000,292.830000,2.000000,606.666687,286.666656,14.263647,79.899081,1,0.079000,0.902912
MP_T_Yoga_1,efficientpose,127,4.211950,ok,1,direct,0.468916,7,left_elbow,1,1,2.000000,783.600000,310.900000,2.000000,793.333313,300.000000,14.613260,79.899081,1,0.072000,0.878925
MP_T_Yoga_1,efficientpose,127,4.211950,ok,1,direct,0.468916,8,right_elbow,1,1,2.000000,558.690000,308.430000,2.000000,513.333313,300.000000,46.133436,79.899081,1,0.072000,0.276315
MP_T_Yoga_1,efficientpose,127,4.211950,ok,1,direct,0.468916,9,left_wrist,1,1,2.000000,852.030000,316.740000,2.000000,846.666687,300.000000,17.578189,79.899081,1,0.062000,0.777375
MP_T_Yoga_1,efficientpose,127,4.211950,ok,1,direct,0.468916,10,right_wrist,1,1,2.000000,481.530000,305.590000,2.000000,460.000000,353.333344,52.373350,79.899081,1,0.062000,0.106934
MP_T_Yoga_1,efficientpose,127,4.211950,ok,1,direct,0.468916,11,left_hip,1,1,2.000000,696.260000,426.570000,2.000000,686.666687,433.333344,11.737737,79.899081,1,0.107000,0.963001
MP_T_Yoga_1,efficientpose,127,4.211950,ok,1,direct,0.468916,12,right_hip,1,1,2.000000,635.600000,425.520000,2.000000,633.333313,446.666656,21.267791,79.899081,1,0.107000,0.883581
MP_T_Yoga_1,efficientpose,127,4.211950,ok,1,direct,0.468916,13,left_knee,1,1,2.000000,693.040000,560.070000,2.000000,673.333313,513.333313,50.721509,79.899081,1,0.087000,0.344776
MP_T_Yoga_1,efficientpose,127,4.211950,ok,1,direct,0.468916,14,right_knee,1,1,2.000000,636.160000,557.960000,2.000000,620.000000,500.000000,60.170651,79.899081,1,0.087000,0.223449
MP_T_Yoga_1,efficientpose,127,4.211950,ok,1,direct,0.468916,15,left_ankle,1,1,2.000000,684.610000,667.550000,2.000000,686.666687,646.666687,20.984345,79.899081,1,0.089000,0.840159
MP_T_Yoga_1,efficientpose,127,4.211950,ok,1,direct,0.468916,16,right_ankle,1,1,2.000000,653.150000,665.380000,2.000000,633.333313,646.666687,27.255993,79.899081,1,0.089000,0.745406
MP_T_Yoga_1,efficientpose,128,4.245115,ok,1,direct,0.660468,0,nose,1,1,2.000000,661.730000,236.930000,2.000000,660.000000,246.666672,9.889170,79.350056,1,0.026000,0.631584
MP_T_Yoga_1,efficientpose,128,4.245115,ok,1,direct,0.660468,1,left_eye,0,0,0.000000,0.000000,0.000000,2.000000,673.333313,233.333328,,,,0.025000,
MP_T_Yoga_1,efficientpose,128,4.245115,ok,1,direct,0.660468,2,right_eye,0,0,0.000000,0.000000,0.000000,2.000000,646.666687,233.333328,,,,0.025000,
MP_T_Yoga_1,efficientpose,128,4.245115,ok,1,direct,0.660468,3,left_ear,0,0,0.000000,0.000000,0.000000,2.000000,686.666687,246.666672,,,,0.035000,
MP_T_Yoga_1,efficientpose,128,4.245115,ok,1,direct,0.660468,4,right_ear,0,0,0.000000,0.000000,0.000000,2.000000,633.333313,246.666672,,,,0.035000,
MP_T_Yoga_1,efficientpose,128,4.245115,ok,1,direct,0.660468,5,left_shoulder,1,1,2.000000,708.670000,293.800000,2.000000,713.333313,286.666656,8.522387,79.350056,1,0.079000,0.963709
MP_T_Yoga_1,efficientpose,128,4.245115,ok,1,direct,0.660468,6,right_shoulder,1,1,2.000000,617.740000,293.530000,2.000000,606.666687,273.333344,23.033089,79.350056,1,0.079000,0.763369
MP_T_Yoga_1,efficientpose,128,4.245115,ok,1,direct,0.660468,7,left_elbow,1,1,2.000000,780.540000,318.360000,2.000000,793.333313,313.333344,13.745404,79.350056,1,0.072000,0.890683
MP_T_Yoga_1,efficientpose,128,4.245115,ok,1,direct,0.660468,8,right_elbow,1,1,2.000000,559.220000,315.220000,2.000000,513.333313,313.333344,45.925456,79.350056,1,0.072000,0.274627
MP_T_Yoga_1,efficientpose,128,4.245115,ok,1,direct,0.660468,9,left_wrist,1,1,2.000000,847.230000,331.390000,2.000000,846.666687,313.333344,18.065441,79.350056,1,0.062000,0.763624
MP_T_Yoga_1,efficientpose,128,4.245115,ok,1,direct,0.660468,10,right_wrist,1,1,2.000000,481.660000,321.440000,2.000000,460.000000,353.333344,38.553093,79.350056,1,0.062000,0.292818
MP_T_Yoga_1,efficientpose,128,4.245115,ok,1,direct,0.660468,11,left_hip,1,1,2.000000,694.560000,429.000000,2.000000,686.666687,446.666656,19.349810,79.350056,1,0.107000,0.901336
MP_T_Yoga_1,efficientpose,128,4.245115,ok,1,direct,0.660468,12,right_hip,1,1,2.000000,635.200000,428.040000,2.000000,633.333313,446.666656,18.719959,79.350056,1,0.107000,0.907352
MP_T_Yoga_1,efficientpose,128,4.245115,ok,1,direct,0.660468,13,left_knee,1,1,2.000000,692.240000,559.670000,2.000000,686.666687,553.333313,8.438923,79.350056,1,0.087000,0.970556
MP_T_Yoga_1,efficientpose,128,4.245115,ok,1,direct,0.660468,14,right_knee,1,1,2.000000,636.960000,557.960000,2.000000,606.666687,526.666687,43.554061,79.350056,1,0.087000,0.451096
MP_T_Yoga_1,efficientpose,128,4.245115,ok,1,direct,0.660468,15,left_ankle,1,1,2.000000,684.590000,667.520000,2.000000,700.000000,633.333313,37.499302,79.350056,1,0.089000,0.568986
MP_T_Yoga_1,efficientpose,128,4.245115,ok,1,direct,0.660468,16,right_ankle,1,1,2.000000,653.280000,665.780000,2.000000,633.333313,646.666687,27.625877,79.350056,1,0.089000,0.736352
MP_T_Yoga_1,efficientpose,129,4.278280,ok,1,direct,0.491605,0,nose,1,1,2.000000,660.390000,237.060000,2.000000,646.666687,246.666672,16.751641,78.799639,1,0.026000,0.262618
MP_T_Yoga_1,efficientpose,129,4.278280,ok,1,direct,0.491605,1,left_eye,0,0,0.000000,0.000000,0.000000,2.000000,660.000000,233.333328,,,,0.025000,
MP_T_Yoga_1,efficientpose,129,4.278280,ok,1,direct,0.491605,2,right_eye,0,0,0.000000,0.000000,0.000000,2.000000,646.666687,233.333328,,,,0.025000,
MP_T_Yoga_1,efficientpose,129,4.278280,ok,1,direct,0.491605,3,left_ear,0,0,0.000000,0.000000,0.000000,2.000000,673.333313,246.666672,,,,0.035000,
MP_T_Yoga_1,efficientpose,129,4.278280,ok,1,direct,0.491605,4,right_ear,0,0,0.000000,0.000000,0.000000,2.000000,633.333313,246.666672,,,,0.035000,
MP_T_Yoga_1,efficientpose,129,4.278280,ok,1,direct,0.491605,5,left_shoulder,1,1,2.000000,706.860000,295.240000,2.000000,713.333313,300.000000,8.035010,78.799639,1,0.079000,0.967229
MP_T_Yoga_1,efficientpose,129,4.278280,ok,1,direct,0.491605,6,right_shoulder,1,1,2.000000,615.940000,294.220000,2.000000,593.333313,286.666656,23.835169,78.799639,1,0.079000,0.745873
MP_T_Yoga_1,efficientpose,129,4.278280,ok,1,direct,0.491605,7,left_elbow,1,1,2.000000,777.470000,325.820000,2.000000,793.333313,313.333344,20.188147,78.799639,1,0.072000,0.776292
MP_T_Yoga_1,efficientpose,129,4.278280,ok,1,direct,0.491605,8,right_elbow,1,1,2.000000,559.750000,322.010000,2.000000,513.333313,300.000000,51.370701,78.799639,1,0.072000,0.194051
MP_T_Yoga_1,efficientpose,129,4.278280,ok,1,direct,0.491605,9,left_wrist,1,1,2.000000,842.440000,346.040000,2.000000,833.333313,326.666656,21.406966,78.799639,1,0.062000,0.681145
MP_T_Yoga_1,efficientpose,129,4.278280,ok,1,direct,0.491605,10,right_wrist,1,1,2.000000,481.790000,337.290000,2.000000,460.000000,353.333344,27.059064,78.799639,1,0.062000,0.541445
MP_T_Yoga_1,efficientpose,129,4.278280,ok,1,direct,0.491605,11,left_hip,1,1,2.000000,692.860000,431.430000,2.000000,686.666687,446.666656,16.447274,78.799639,1,0.107000,0.926721
MP_T_Yoga_1,efficientpose,129,4.278280,ok,1,direct,0.491605,12,right_hip,1,1,2.000000,634.800000,430.560000,2.000000,633.333313,446.666656,16.173298,78.799639,1,0.107000,0.929054
MP_T_Yoga_1,efficientpose,129,4.278280,ok,1,direct,0.491605,13,left_knee,1,1,2.000000,691.440000,559.270000,2.000000,686.666687,540.000000,19.852391,78.799639,1,0.087000,0.845596
MP_T_Yoga_1,efficientpose,129,4.278280,ok,1,direct,0.491605,14,right_knee,1,1,2.000000,637.750000,557.960000,2.000000,606.666687,500.000000,65.768792,78.799639,1,0.087000,0.158706
MP_T_Yoga_1,efficientpose,129,4.278280,ok,1,direct,0.491605,15,left_ankle,1,1,2.000000,684.580000,667.490000,2.000000,700.000000,646.666687,25.911132,78.799639,1,0.089000,0.761087
MP_T_Yoga_1,efficientpose,129,4.278280,ok,1,direct,0.491605,16,right_ankle,1,1,2.000000,653.410000,666.180000,2.000000,633.333313,646.666687,27.997192,78.799639,1,0.089000,0.727068
MP_T_Yoga_1,efficientpose,130,4.311445,ok,1,direct,0.469552,0,nose,1,1,2.000000,659.060000,237.190000,2.000000,660.000000,246.666672,9.523177,78.243554,1,0.026000,0.645146
MP_T_Yoga_1,efficientpose,130,4.311445,ok,1,direct,0.469552,1,left_eye,0,0,0.000000,0.000000,0.000000,2.000000,660.000000,233.333328,,,,0.025000,
MP_T_Yoga_1,efficientpose,130,4.311445,ok,1,direct,0.469552,2,right_eye,0,0,0.000000,0.000000,0.000000,2.000000,646.666687,233.333328,,,,0.025000,
MP_T_Yoga_1,efficientpose,130,4.311445,ok,1,direct,0.469552,3,left_ear,0,0,0.000000,0.000000,0.000000,2.000000,673.333313,246.666672,,,,0.035000,
MP_T_Yoga_1,efficientpose,130,4.311445,ok,1,direct,0.469552,4,right_ear,0,0,0.000000,0.000000,0.000000,2.000000,633.333313,246.666672,,,,0.035000,
MP_T_Yoga_1,efficientpose,130,4.311445,ok,1,direct,0.469552,5,left_shoulder,1,1,2.000000,705.050000,296.670000,2.000000,700.000000,286.666656,11.205774,78.243554,1,0.079000,0.936384
MP_T_Yoga_1,efficientpose,130,4.311445,ok,1,direct,0.469552,6,right_shoulder,1,1,2.000000,614.150000,294.910000,2.000000,593.333313,286.666656,22.389443,78.243554,1,0.079000,0.769203
MP_T_Yoga_1,efficientpose,130,4.311445,ok,1,direct,0.469552,7,left_elbow,1,1,2.000000,774.410000,333.280000,2.000000,793.333313,313.333344,27.494743,78.243554,1,0.072000,0.621018
MP_T_Yoga_1,efficientpose,130,4.311445,ok,1,direct,0.469552,8,right_elbow,1,1,2.000000,560.290000,328.810000,2.000000,526.666687,313.333344,37.014241,78.243554,1,0.072000,0.421731
MP_T_Yoga_1,efficientpose,130,4.311445,ok,1,direct,0.469552,9,left_wrist,1,1,2.000000,837.640000,360.690000,2.000000,833.333313,340.000000,21.133472,78.243554,1,0.062000,0.684156
MP_T_Yoga_1,efficientpose,130,4.311445,ok,1,direct,0.469552,10,right_wrist,1,1,2.000000,481.930000,353.140000,2.000000,473.333344,353.333344,8.598830,78.243554,1,0.062000,0.939095
MP_T_Yoga_1,efficientpose,130,4.311445,ok,1,direct,0.469552,11,left_hip,1,1,2.000000,691.160000,433.850000,2.000000,686.666687,446.666656,13.581478,78.243554,1,0.107000,0.948728
MP_T_Yoga_1,efficientpose,130,4.311445,ok,1,direct,0.469552,12,right_hip,1,1,2.000000,634.400000,433.090000,2.000000,633.333313,446.666656,13.618496,78.243554,1,0.107000,0.948455
MP_T_Yoga_1,efficientpose,130,4.311445,ok,1,direct,0.469552,13,left_knee,1,1,2.000000,690.640000,558.870000,2.000000,686.666687,553.333313,6.814845,78.243554,1,0.087000,0.980155
MP_T_Yoga_1,efficientpose,130,4.311445,ok,1,direct,0.469552,14,right_knee,1,1,2.000000,638.550000,557.960000,2.000000,580.000000,500.000000,82.386067,78.243554,0,0.087000,0.053421
MP_T_Yoga_1,efficientpose,130,4.311445,ok,1,direct,0.469552,15,left_ankle,1,1,2.000000,684.570000,667.460000,2.000000,700.000000,660.000000,17.138743,78.243554,1,0.089000,0.885904
MP_T_Yoga_1,efficientpose,130,4.311445,ok,1,direct,0.469552,16,right_ankle,1,1,2.000000,653.550000,666.580000,2.000000,460.000000,366.666656,356.944836,78.243554,0,0.089000,0.000000
MP_T_Yoga_1,efficientpose,131,4.344610,ok,1,direct,0.526399,0,nose,1,1,2.000000,658.040000,237.140000,2.000000,660.000000,246.666672,9.726206,76.481539,1,0.026000,0.619729
MP_T_Yoga_1,efficientpose,131,4.344610,ok,1,direct,0.526399,1,left_eye,0,0,0.000000,0.000000,0.000000,2.000000,660.000000,233.333328,,,,0.025000,
MP_T_Yoga_1,efficientpose,131,4.344610,ok,1,direct,0.526399,2,right_eye,0,0,0.000000,0.000000,0.000000,2.000000,646.666687,233.333328,,,,0.025000,
MP_T_Yoga_1,efficientpose,131,4.344610,ok,1,direct,0.526399,3,left_ear,0,0,0.000000,0.000000,0.000000,2.000000,673.333313,246.666672,,,,0.035000,
MP_T_Yoga_1,efficientpose,131,4.344610,ok,1,direct,0.526399,4,right_ear,0,0,0.000000,0.000000,0.000000,2.000000,633.333313,246.666672,,,,0.035000,
MP_T_Yoga_1,efficientpose,131,4.344610,ok,1,direct,0.526399,5,left_shoulder,1,1,2.000000,704.640000,297.490000,2.000000,700.000000,300.000000,5.275386,76.481539,1,0.079000,0.984869
MP_T_Yoga_1,efficientpose,131,4.344610,ok,1,direct,0.526399,6,right_shoulder,1,1,2.000000,612.350000,295.600000,2.000000,593.333313,286.666656,21.010450,76.481539,1,0.079000,0.785180
MP_T_Yoga_1,efficientpose,131,4.344610,ok,1,direct,0.526399,7,left_elbow,1,1,2.000000,768.670000,339.120000,2.000000,793.333313,326.666656,27.629057,76.481539,1,0.072000,0.604422
MP_T_Yoga_1,efficientpose,131,4.344610,ok,1,direct,0.526399,8,right_elbow,1,1,2.000000,561.410000,334.240000,2.000000,526.666687,340.000000,35.217544,76.481539,1,0.072000,0.441300
MP_T_Yoga_1,efficientpose,131,4.344610,ok,1,direct,0.526399,9,left_wrist,1,1,2.000000,828.930000,371.560000,2.000000,833.333313,353.333344,18.751005,76.481539,1,0.062000,0.731441
MP_T_Yoga_1,efficientpose,131,4.344610,ok,1,direct,0.526399,10,right_wrist,1,1,2.000000,489.100000,364.110000,2.000000,473.333344,366.666656,15.972600,76.481539,1,0.062000,0.796980
MP_T_Yoga_1,efficientpose,131,4.344610,ok,1,direct,0.526399,11,left_hip,1,1,2.000000,690.310000,434.350000,2.000000,686.666687,446.666656,12.844211,76.481539,1,0.107000,0.951926
MP_T_Yoga_1,efficientpose,131,4.344610,ok,1,direct,0.526399,12,right_hip,1,1,2.000000,633.630000,433.850000,2.000000,620.000000,446.666656,18.709452,76.481539,1,0.107000,0.900741
MP_T_Yoga_1,efficientpose,131,4.344610,ok,1,direct,0.526399,13,left_knee,1,1,2.000000,689.720000,558.870000,2.000000,686.666687,566.666687,8.373234,76.481539,1,0.087000,0.968825
MP_T_Yoga_1,efficientpose,131,4.344610,ok,1,direct,0.526399,14,right_knee,1,1,2.000000,638.550000,557.960000,2.000000,580.000000,500.000000,82.386067,76.481539,0,0.087000,0.046603
MP_T_Yoga_1,efficientpose,131,4.344610,ok,1,direct,0.526399,15,left_ankle,1,1,2.000000,684.570000,667.460000,2.000000,700.000000,660.000000,17.138743,76.481539,1,0.089000,0.880916
MP_T_Yoga_1,efficientpose,131,4.344610,ok,1,direct,0.526399,16,right_ankle,1,1,2.000000,653.550000,666.580000,2.000000,633.333313,646.666687,28.377006,76.481539,1,0.089000,0.706387
MP_T_Yoga_1,efficientpose,132,4.377775,ok,1,direct,0.439056,0,nose,1,1,2.000000,657.020000,237.080000,2.000000,646.666687,246.666672,14.110116,74.676099,1,0.026000,0.347745
MP_T_Yoga_1,efficientpose,132,4.377775,ok,1,direct,0.439056,1,left_eye,0,0,0.000000,0.000000,0.000000,2.000000,660.000000,233.333328,,,,0.025000,
MP_T_Yoga_1,efficientpose,132,4.377775,ok,1,direct,0.439056,2,right_eye,0,0,0.000000,0.000000,0.000000,2.000000,646.666687,233.333328,,,,0.025000,
MP_T_Yoga_1,efficientpose,132,4.377775,ok,1,direct,0.439056,3,left_ear,0,0,0.000000,0.000000,0.000000,2.000000,673.333313,246.666672,,,,0.035000,
MP_T_Yoga_1,efficientpose,132,4.377775,ok,1,direct,0.439056,4,right_ear,0,0,0.000000,0.000000,0.000000,2.000000,646.666687,246.666672,,,,0.035000,
MP_T_Yoga_1,efficientpose,132,4.377775,ok,1,direct,0.439056,5,left_shoulder,1,1,2.000000,704.230000,298.310000,2.000000,700.000000,300.000000,4.555107,74.676099,1,0.079000,0.988147
MP_T_Yoga_1,efficientpose,132,4.377775,ok,1,direct,0.439056,6,right_shoulder,1,1,2.000000,610.560000,296.300000,2.000000,593.333313,286.666656,19.737276,74.676099,1,0.079000,0.799423
MP_T_Yoga_1,efficientpose,132,4.377775,ok,1,direct,0.439056,7,left_elbow,1,1,2.000000,762.930000,344.970000,2.000000,780.000000,326.666656,25.027930,74.676099,1,0.072000,0.648325
MP_T_Yoga_1,efficientpose,132,4.377775,ok,1,direct,0.439056,8,right_elbow,1,1,2.000000,562.540000,339.680000,2.000000,526.666687,313.333344,44.508886,74.676099,1,0.072000,0.253967
MP_T_Yoga_1,efficientpose,132,4.377775,ok,1,direct,0.439056,9,left_wrist,1,1,2.000000,820.210000,382.430000,2.000000,806.666687,366.666656,20.782308,74.676099,1,0.062000,0.668333
MP_T_Yoga_1,efficientpose,132,4.377775,ok,1,direct,0.439056,10,right_wrist,1,1,2.000000,496.280000,375.090000,2.000000,486.666656,366.666656,12.781592,74.676099,1,0.062000,0.858624
MP_T_Yoga_1,efficientpose,132,4.377775,ok,1,direct,0.439056,11,left_hip,1,1,2.000000,689.460000,434.840000,2.000000,686.666687,446.666656,12.152053,74.676099,1,0.107000,0.954794
MP_T_Yoga_1,efficientpose,132,4.377775,ok,1,direct,0.439056,12,right_hip,1,1,2.000000,632.860000,434.610000,2.000000,606.666687,446.666656,28.834920,74.676099,1,0.107000,0.770699
MP_T_Yoga_1,efficientpose,132,4.377775,ok,1,direct,0.439056,13,left_knee,1,1,2.000000,688.790000,558.870000,2.000000,686.666687,566.666687,8.080643,74.676099,1,0.087000,0.969534
MP_T_Yoga_1,efficientpose,132,4.377775,ok,1,direct,0.439056,14,right_knee,1,1,2.000000,638.550000,557.960000,2.000000,580.000000,500.000000,82.386067,74.676099,0,0.087000,0.040109
MP_T_Yoga_1,efficientpose,132,4.377775,ok,1,direct,0.439056,15,left_ankle,1,1,2.000000,684.570000,667.460000,2.000000,700.000000,646.666687,25.892987,74.676099,1,0.089000,0.738182
MP_T_Yoga_1,efficientpose,132,4.377775,ok,1,direct,0.439056,16,right_ankle,1,1,2.000000,653.550000,666.580000,2.000000,580.000000,633.333313,80.715207,74.676099,0,0.089000,0.052348
MP_T_Yoga_1,efficientpose,133,4.410940,ok,1,direct,0.329514,0,nose,1,1,2.000000,655.990000,237.020000,2.000000,646.666687,233.333328,10.025753,72.825389,1,0.026000,0.570794
MP_T_Yoga_1,efficientpose,133,4.410940,ok,1,direct,0.329514,1,left_eye,0,0,0.000000,0.000000,0.000000,2.000000,660.000000,233.333328,,,,0.025000,
MP_T_Yoga_1,efficientpose,133,4.410940,ok,1,direct,0.329514,2,right_eye,0,0,0.000000,0.000000,0.000000,2.000000,646.666687,233.333328,,,,0.025000,
MP_T_Yoga_1,efficientpose,133,4.410940,ok,1,direct,0.329514,3,left_ear,0,0,0.000000,0.000000,0.000000,2.000000,673.333313,233.333328,,,,0.035000,
MP_T_Yoga_1,efficientpose,133,4.410940,ok,1,direct,0.329514,4,right_ear,0,0,0.000000,0.000000,0.000000,2.000000,633.333313,233.333328,,,,0.035000,
MP_T_Yoga_1,efficientpose,133,4.410940,ok,1,direct,0.329514,5,left_shoulder,1,1,2.000000,703.820000,299.130000,2.000000,700.000000,300.000000,3.917818,72.825389,1,0.079000,0.990768
MP_T_Yoga_1,efficientpose,133,4.410940,ok,1,direct,0.329514,6,right_shoulder,1,1,2.000000,608.770000,296.990000,2.000000,580.000000,286.666656,30.566065,72.825389,1,0.079000,0.568626
MP_T_Yoga_1,efficientpose,133,4.410940,ok,1,direct,0.329514,7,left_elbow,1,1,2.000000,757.180000,350.810000,2.000000,780.000000,326.666656,33.221280,72.825389,1,0.072000,0.448052
MP_T_Yoga_1,efficientpose,133,4.410940,ok,1,direct,0.329514,8,right_elbow,1,1,2.000000,563.670000,345.110000,2.000000,526.666687,326.666656,41.344916,72.825389,1,0.072000,0.288375
MP_T_Yoga_1,efficientpose,133,4.410940,ok,1,direct,0.329514,9,left_wrist,1,1,2.000000,811.490000,393.300000,2.000000,806.666687,380.000000,14.147592,72.825389,1,0.062000,0.821719
MP_T_Yoga_1,efficientpose,133,4.410940,ok,1,direct,0.329514,10,right_wrist,1,1,2.000000,503.460000,386.060000,2.000000,500.000000,366.666656,19.699578,72.825389,1,0.062000,0.683376
MP_T_Yoga_1,efficientpose,133,4.410940,ok,1,direct,0.329514,11,left_hip,1,1,2.000000,688.610000,435.330000,2.000000,686.666687,446.666656,11.502011,72.825389,1,0.107000,0.957360
MP_T_Yoga_1,efficientpose,133,4.410940,ok,1,direct,0.329514,12,right_hip,1,1,2.000000,632.080000,435.380000,2.000000,606.666687,446.666656,27.806925,72.825389,1,0.107000,0.775161
MP_T_Yoga_1,efficientpose,133,4.410940,ok,1,direct,0.329514,13,left_knee,1,1,2.000000,687.870000,558.870000,2.000000,686.666687,566.666687,7.888998,72.825389,1,0.087000,0.969468
MP_T_Yoga_1,efficientpose,133,4.410940,ok,1,direct,0.329514,14,right_knee,1,1,2.000000,638.550000,557.960000,2.000000,580.000000,500.000000,82.386067,72.825389,0,0.087000,0.033990
MP_T_Yoga_1,efficientpose,133,4.410940,ok,1,direct,0.329514,15,left_ankle,1,1,2.000000,684.570000,667.460000,2.000000,700.000000,633.333313,37.452846,72.825389,1,0.089000,0.512830
MP_T_Yoga_1,efficientpose,133,4.410940,ok,1,direct,0.329514,16,right_ankle,1,1,2.000000,653.550000,666.580000,2.000000,566.666687,620.000000,98.581978,72.825389,0,0.089000,0.009786
MP_T_Yoga_1,efficientpose,134,4.444105,ok,1,direct,0.183242,0,nose,1,1,2.000000,654.970000,236.970000,2.000000,646.666687,233.333328,9.064788,70.926257,1,0.026000,0.616767
MP_T_Yoga_1,efficientpose,134,4.444105,ok,1,direct,0.183242,1,left_eye,0,0,0.000000,0.000000,0.000000,2.000000,646.666687,233.333328,,,,0.025000,
MP_T_Yoga_1,efficientpose,134,4.444105,ok,1,direct,0.183242,2,right_eye,0,0,0.000000,0.000000,0.000000,2.000000,633.333313,233.333328,,,,0.025000,
MP_T_Yoga_1,efficientpose,134,4.444105,ok,1,direct,0.183242,3,left_ear,0,0,0.000000,0.000000,0.000000,2.000000,660.000000,233.333328,,,,0.035000,
MP_T_Yoga_1,efficientpose,134,4.444105,ok,1,direct,0.183242,4,right_ear,0,0,0.000000,0.000000,0.000000,2.000000,633.333313,233.333328,,,,0.035000,
MP_T_Yoga_1,efficientpose,134,4.444105,ok,1,direct,0.183242,5,left_shoulder,1,1,2.000000,703.410000,299.950000,2.000000,686.666687,313.333344,21.434841,70.926257,1,0.079000,0.746256
MP_T_Yoga_1,efficientpose,134,4.444105,ok,1,direct,0.183242,6,right_shoulder,1,1,2.000000,606.970000,297.680000,2.000000,553.333313,286.666656,54.755711,70.926257,1,0.079000,0.148089
MP_T_Yoga_1,efficientpose,134,4.444105,ok,1,direct,0.183242,7,left_elbow,1,1,2.000000,751.440000,356.660000,2.000000,753.333313,340.000000,16.767237,70.926257,1,0.072000,0.806048
MP_T_Yoga_1,efficientpose,134,4.444105,ok,1,direct,0.183242,8,right_elbow,1,1,2.000000,564.800000,350.540000,2.000000,513.333313,326.666656,56.734085,70.926257,1,0.072000,0.084709
MP_T_Yoga_1,efficientpose,134,4.444105,ok,1,direct,0.183242,9,left_wrist,1,1,2.000000,802.780000,404.170000,2.000000,780.000000,380.000000,33.213210,70.926257,1,0.062000,0.319526
MP_T_Yoga_1,efficientpose,134,4.444105,ok,1,direct,0.183242,10,right_wrist,1,1,2.000000,510.640000,397.030000,2.000000,500.000000,366.666656,32.173626,70.926257,1,0.062000,0.342798
MP_T_Yoga_1,efficientpose,134,4.444105,ok,1,direct,0.183242,11,left_hip,1,1,2.000000,687.760000,435.830000,2.000000,673.333313,446.666656,18.043348,70.926257,1,0.107000,0.893103
MP_T_Yoga_1,efficientpose,134,4.444105,ok,1,direct,0.183242,12,right_hip,1,1,2.000000,631.310000,436.140000,2.000000,553.333313,433.333344,78.027181,70.926257,0,0.107000,0.120733
MP_T_Yoga_1,efficientpose,134,4.444105,ok,1,direct,0.183242,13,left_knee,1,1,2.000000,686.950000,558.870000,2.000000,526.666687,460.000000,188.324235,70.926257,0,0.087000,0.000000
MP_T_Yoga_1,efficientpose,134,4.444105,ok,1,direct,0.183242,14,right_knee,1,1,2.000000,638.550000,557.960000,2.000000,526.666687,473.333344,140.283808,70.926257,0,0.087000,0.000032
MP_T_Yoga_1,efficientpose,134,4.444105,ok,1,direct,0.183242,15,left_ankle,1,1,2.000000,684.570000,667.460000,2.000000,500.000000,380.000000,341.612846,70.926257,0,0.089000,0.000000
MP_T_Yoga_1,efficientpose,134,4.444105,ok,1,direct,0.183242,16,right_ankle,1,1,2.000000,653.550000,666.580000,2.000000,473.333344,380.000000,338.535286,70.926257,0,0.089000,0.000000
MP_T_Yoga_1,efficientpose,135,4.477270,ok,1,direct,0.264302,0,nose,1,1,2.000000,653.950000,236.910000,2.000000,646.666687,233.333328,8.114138,68.973946,1,0.026000,0.664017
MP_T_Yoga_1,efficientpose,135,4.477270,ok,1,direct,0.264302,1,left_eye,0,0,0.000000,0.000000,0.000000,2.000000,646.666687,220.000000,,,,0.025000,
MP_T_Yoga_1,efficientpose,135,4.477270,ok,1,direct,0.264302,2,right_eye,0,0,0.000000,0.000000,0.000000,2.000000,633.333313,220.000000,,,,0.025000,
MP_T_Yoga_1,efficientpose,135,4.477270,ok,1,direct,0.264302,3,left_ear,0,0,0.000000,0.000000,0.000000,2.000000,660.000000,233.333328,,,,0.035000,
MP_T_Yoga_1,efficientpose,135,4.477270,ok,1,direct,0.264302,4,right_ear,0,0,0.000000,0.000000,0.000000,2.000000,633.333313,233.333328,,,,0.035000,
MP_T_Yoga_1,efficientpose,135,4.477270,ok,1,direct,0.264302,5,left_shoulder,1,1,2.000000,703.000000,300.770000,2.000000,673.333313,300.000000,29.676678,68.973946,1,0.079000,0.552530
MP_T_Yoga_1,efficientpose,135,4.477270,ok,1,direct,0.264302,6,right_shoulder,1,1,2.000000,605.180000,298.370000,2.000000,566.666687,286.666656,40.252249,68.973946,1,0.079000,0.335744
MP_T_Yoga_1,efficientpose,135,4.477270,ok,1,direct,0.264302,7,left_elbow,1,1,2.000000,745.700000,362.500000,2.000000,753.333313,340.000000,23.759576,68.973946,1,0.072000,0.632676
MP_T_Yoga_1,efficientpose,135,4.477270,ok,1,direct,0.264302,8,right_elbow,1,1,2.000000,565.930000,355.980000,2.000000,526.666687,313.333344,57.968483,68.973946,1,0.072000,0.065541
MP_T_Yoga_1,efficientpose,135,4.477270,ok,1,direct,0.264302,9,left_wrist,1,1,2.000000,794.060000,415.040000,2.000000,780.000000,393.333344,25.862377,68.973946,1,0.062000,0.481187
MP_T_Yoga_1,efficientpose,135,4.477270,ok,1,direct,0.264302,10,right_wrist,1,1,2.000000,517.820000,408.000000,2.000000,500.000000,366.666656,45.011084,68.973946,1,0.062000,0.109075
MP_T_Yoga_1,efficientpose,135,4.477270,ok,1,direct,0.264302,11,left_hip,1,1,2.000000,686.910000,436.320000,2.000000,660.000000,433.333344,27.075233,68.973946,1,0.107000,0.764009
MP_T_Yoga_1,efficientpose,135,4.477270,ok,1,direct,0.264302,12,right_hip,1,1,2.000000,630.540000,436.910000,2.000000,580.000000,433.333344,50.666400,68.973946,1,0.107000,0.389609
MP_T_Yoga_1,efficientpose,135,4.477270,ok,1,direct,0.264302,13,left_knee,1,1,2.000000,686.020000,558.870000,2.000000,540.000000,446.666656,184.150565,68.973946,0,0.087000,0.000000
MP_T_Yoga_1,efficientpose,135,4.477270,ok,1,direct,0.264302,14,right_knee,1,1,2.000000,638.550000,557.960000,2.000000,553.333313,473.333344,120.098105,68.973946,0,0.087000,0.000332
MP_T_Yoga_1,efficientpose,135,4.477270,ok,1,direct,0.264302,15,left_ankle,1,1,2.000000,684.570000,667.460000,2.000000,500.000000,380.000000,341.612846,68.973946,0,0.089000,0.000000
MP_T_Yoga_1,efficientpose,135,4.477270,ok,1,direct,0.264302,16,right_ankle,1,1,2.000000,653.550000,666.580000,2.000000,553.333313,620.000000,110.512808,68.973946,0,0.089000,0.001531
MP_T_Yoga_1,efficientpose,136,4.510435,ok,1,direct,0.191606,0,nose,1,1,2.000000,653.570000,236.930000,2.000000,646.666687,233.333328,7.784072,66.389713,1,0.026000,0.665831
MP_T_Yoga_1,efficientpose,136,4.510435,ok,1,direct,0.191606,1,left_eye,0,0,0.000000,0.000000,0.000000,2.000000,646.666687,233.333328,,,,0.025000,
MP_T_Yoga_1,efficientpose,136,4.510435,ok,1,direct,0.191606,2,right_eye,0,0,0.000000,0.000000,0.000000,2.000000,633.333313,233.333328,,,,0.025000,
MP_T_Yoga_1,efficientpose,136,4.510435,ok,1,direct,0.191606,3,left_ear,0,0,0.000000,0.000000,0.000000,2.000000,660.000000,233.333328,,,,0.035000,
MP_T_Yoga_1,efficientpose,136,4.510435,ok,1,direct,0.191606,4,right_ear,0,0,0.000000,0.000000,0.000000,2.000000,633.333313,233.333328,,,,0.035000,
MP_T_Yoga_1,efficientpose,136,4.510435,ok,1,direct,0.191606,5,left_shoulder,1,1,2.000000,702.300000,300.770000,2.000000,700.000000,326.666656,25.998593,66.389713,1,0.079000,0.611742
MP_T_Yoga_1,efficientpose,136,4.510435,ok,1,direct,0.191606,6,right_shoulder,1,1,2.000000,604.770000,298.370000,2.000000,553.333313,300.000000,51.462507,66.389713,1,0.079000,0.145795
MP_T_Yoga_1,efficientpose,136,4.510435,ok,1,direct,0.191606,7,left_elbow,1,1,2.000000,741.080000,365.680000,2.000000,753.333313,340.000000,28.453578,66.389713,1,0.072000,0.492304
MP_T_Yoga_1,efficientpose,136,4.510435,ok,1,direct,0.191606,8,right_elbow,1,1,2.000000,569.930000,358.750000,2.000000,513.333313,313.333344,72.566230,66.389713,0,0.072000,0.009959
MP_T_Yoga_1,efficientpose,136,4.510435,ok,1,direct,0.191606,9,left_wrist,1,1,2.000000,783.190000,418.940000,2.000000,766.666687,393.333344,30.474920,66.389713,1,0.062000,0.334104
MP_T_Yoga_1,efficientpose,136,4.510435,ok,1,direct,0.191606,10,right_wrist,1,1,2.000000,527.250000,413.130000,2.000000,513.333313,366.666656,48.502747,66.389713,1,0.062000,0.062224
MP_T_Yoga_1,efficientpose,136,4.510435,ok,1,direct,0.191606,11,left_hip,1,1,2.000000,686.950000,436.580000,2.000000,673.333313,433.333344,13.998391,66.389713,1,0.107000,0.925276
MP_T_Yoga_1,efficientpose,136,4.510435,ok,1,direct,0.191606,12,right_hip,1,1,2.000000,630.280000,437.130000,2.000000,473.333344,366.666656,172.038762,66.389713,0,0.107000,0.000008
MP_T_Yoga_1,efficientpose,136,4.510435,ok,1,direct,0.191606,13,left_knee,1,1,2.000000,686.020000,558.870000,2.000000,526.666687,446.666656,194.892454,66.389713,0,0.087000,0.000000
MP_T_Yoga_1,efficientpose,136,4.510435,ok,1,direct,0.191606,14,right_knee,1,1,2.000000,638.550000,557.960000,2.000000,526.666687,460.000000,148.707893,66.389713,0,0.087000,0.000002
MP_T_Yoga_1,efficientpose,136,4.510435,ok,1,direct,0.191606,15,left_ankle,1,1,2.000000,684.570000,667.460000,2.000000,486.666656,366.666656,360.058841,66.389713,0,0.089000,0.000000
MP_T_Yoga_1,efficientpose,136,4.510435,ok,1,direct,0.191606,16,right_ankle,1,1,2.000000,653.550000,666.580000,2.000000,540.000000,606.666687,128.386945,66.389713,0,0.089000,0.000079
MP_T_Yoga_1,efficientpose,137,4.543600,ok,1,direct,0.208831,0,nose,1,1,2.000000,653.200000,236.950000,2.000000,646.666687,233.333328,7.467563,63.700982,1,0.026000,0.665922
MP_T_Yoga_1,efficientpose,137,4.543600,ok,1,direct,0.208831,1,left_eye,0,0,0.000000,0.000000,0.000000,2.000000,660.000000,220.000000,,,,0.025000,
MP_T_Yoga_1,efficientpose,137,4.543600,ok,1,direct,0.208831,2,right_eye,0,0,0.000000,0.000000,0.000000,2.000000,633.333313,220.000000,,,,0.025000,
MP_T_Yoga_1,efficientpose,137,4.543600,ok,1,direct,0.208831,3,left_ear,0,0,0.000000,0.000000,0.000000,2.000000,673.333313,233.333328,,,,0.035000,
MP_T_Yoga_1,efficientpose,137,4.543600,ok,1,direct,0.208831,4,right_ear,0,0,0.000000,0.000000,0.000000,2.000000,633.333313,233.333328,,,,0.035000,
MP_T_Yoga_1,efficientpose,137,4.543600,ok,1,direct,0.208831,5,left_shoulder,1,1,2.000000,701.600000,300.770000,2.000000,700.000000,313.333344,12.664817,63.700982,1,0.079000,0.881022
MP_T_Yoga_1,efficientpose,137,4.543600,ok,1,direct,0.208831,6,right_shoulder,1,1,2.000000,604.360000,298.370000,2.000000,580.000000,286.666656,27.025504,63.700982,1,0.079000,0.561689
MP_T_Yoga_1,efficientpose,137,4.543600,ok,1,direct,0.208831,7,left_elbow,1,1,2.000000,736.470000,368.860000,2.000000,740.000000,366.666656,4.155918,63.700982,1,0.072000,0.983713
MP_T_Yoga_1,efficientpose,137,4.543600,ok,1,direct,0.208831,8,right_elbow,1,1,2.000000,573.930000,361.520000,2.000000,513.333313,286.666656,96.306705,63.700982,0,0.072000,0.000148
MP_T_Yoga_1,efficientpose,137,4.543600,ok,1,direct,0.208831,9,left_wrist,1,1,2.000000,772.320000,422.840000,2.000000,766.666687,393.333344,30.043347,63.700982,1,0.062000,0.314330
MP_T_Yoga_1,efficientpose,137,4.543600,ok,1,direct,0.208831,10,right_wrist,1,1,2.000000,536.680000,418.260000,2.000000,526.666687,366.666656,52.556061,63.700982,1,0.062000,0.028967
MP_T_Yoga_1,efficientpose,137,4.543600,ok,1,direct,0.208831,11,left_hip,1,1,2.000000,686.990000,436.840000,2.000000,686.666687,433.333344,3.521530,63.700982,1,0.107000,0.994676
MP_T_Yoga_1,efficientpose,137,4.543600,ok,1,direct,0.208831,12,right_hip,1,1,2.000000,630.020000,437.350000,2.000000,340.000000,326.666656,310.422942,63.700982,0,0.107000,0.000000
MP_T_Yoga_1,efficientpose,137,4.543600,ok,1,direct,0.208831,13,left_knee,1,1,2.000000,686.020000,558.870000,2.000000,540.000000,460.000000,176.343748,63.700982,0,0.087000,0.000000
MP_T_Yoga_1,efficientpose,137,4.543600,ok,1,direct,0.208831,14,right_knee,1,1,2.000000,638.550000,557.960000,2.000000,540.000000,473.333344,129.899090,63.700982,0,0.087000,0.000017
MP_T_Yoga_1,efficientpose,137,4.543600,ok,1,direct,0.208831,15,left_ankle,1,1,2.000000,684.570000,667.460000,2.000000,673.333313,606.666687,61.823054,63.700982,1,0.089000,0.092712
MP_T_Yoga_1,efficientpose,137,4.543600,ok,1,direct,0.208831,16,right_ankle,1,1,2.000000,653.550000,666.580000,2.000000,540.000000,606.666687,128.386945,63.700982,0,0.089000,0.000035
MP_T_Yoga_1,efficientpose,138,4.576765,ok,1,direct,0.169087,0,nose,1,1,2.000000,652.820000,236.970000,2.000000,646.666687,233.333328,7.147632,60.892499,1,0.026000,0.665216
MP_T_Yoga_1,efficientpose,138,4.576765,ok,1,direct,0.169087,1,left_eye,0,0,0.000000,0.000000,0.000000,2.000000,660.000000,220.000000,,,,0.025000,
MP_T_Yoga_1,efficientpose,138,4.576765,ok,1,direct,0.169087,2,right_eye,0,0,0.000000,0.000000,0.000000,2.000000,633.333313,220.000000,,,,0.025000,
MP_T_Yoga_1,efficientpose,138,4.576765,ok,1,direct,0.169087,3,left_ear,0,0,0.000000,0.000000,0.000000,2.000000,660.000000,233.333328,,,,0.035000,
MP_T_Yoga_1,efficientpose,138,4.576765,ok,1,direct,0.169087,4,right_ear,0,0,0.000000,0.000000,0.000000,2.000000,633.333313,233.333328,,,,0.035000,
MP_T_Yoga_1,efficientpose,138,4.576765,ok,1,direct,0.169087,5,left_shoulder,1,1,2.000000,700.910000,300.770000,2.000000,700.000000,300.000000,1.192057,60.892499,1,0.079000,0.998773
MP_T_Yoga_1,efficientpose,138,4.576765,ok,1,direct,0.169087,6,right_shoulder,1,1,2.000000,603.950000,298.370000,2.000000,580.000000,300.000000,24.005404,60.892499,1,0.079000,0.607719
MP_T_Yoga_1,efficientpose,138,4.576765,ok,1,direct,0.169087,7,left_elbow,1,1,2.000000,731.850000,372.040000,2.000000,753.333313,366.666656,22.145102,60.892499,1,0.072000,0.600339
MP_T_Yoga_1,efficientpose,138,4.576765,ok,1,direct,0.169087,8,right_elbow,1,1,2.000000,577.920000,364.290000,2.000000,526.666687,300.000000,82.219865,60.892499,0,0.072000,0.000882
MP_T_Yoga_1,efficientpose,138,4.576765,ok,1,direct,0.169087,9,left_wrist,1,1,2.000000,761.450000,426.730000,2.000000,766.666687,406.666656,20.730450,60.892499,1,0.062000,0.547153
MP_T_Yoga_1,efficientpose,138,4.576765,ok,1,direct,0.169087,10,right_wrist,1,1,2.000000,546.120000,423.380000,2.000000,526.666687,380.000000,47.542147,60.892499,1,0.062000,0.041937
MP_T_Yoga_1,efficientpose,138,4.576765,ok,1,direct,0.169087,11,left_hip,1,1,2.000000,687.020000,437.100000,2.000000,673.333313,446.666656,16.698692,60.892499,1,0.107000,0.876892
MP_T_Yoga_1,efficientpose,138,4.576765,ok,1,direct,0.169087,12,right_hip,1,1,2.000000,629.760000,437.580000,2.000000,593.333313,460.000000,42.773355,60.892499,1,0.107000,0.422338
MP_T_Yoga_1,efficientpose,138,4.576765,ok,1,direct,0.169087,13,left_knee,1,1,2.000000,686.020000,558.870000,2.000000,540.000000,460.000000,176.343748,60.892499,0,0.087000,0.000000
MP_T_Yoga_1,efficientpose,138,4.576765,ok,1,direct,0.169087,14,right_knee,1,1,2.000000,638.550000,557.960000,2.000000,540.000000,460.000000,138.954180,60.892499,0,0.087000,0.000001
MP_T_Yoga_1,efficientpose,138,4.576765,ok,1,direct,0.169087,15,left_ankle,1,1,2.000000,684.570000,667.460000,2.000000,673.333313,606.666687,61.823054,60.892499,0,0.089000,0.074074
MP_T_Yoga_1,efficientpose,138,4.576765,ok,1,direct,0.169087,16,right_ankle,1,1,2.000000,653.550000,666.580000,2.000000,553.333313,620.000000,110.512808,60.892499,0,0.089000,0.000244
MP_T_Yoga_1,efficientpose,139,4.609930,ok,1,direct,0.235558,0,nose,1,1,2.000000,652.440000,236.990000,2.000000,646.666687,233.333328,6.833915,57.949828,1,0.026000,0.662688
MP_T_Yoga_1,efficientpose,139,4.609930,ok,1,direct,0.235558,1,left_eye,0,0,0.000000,0.000000,0.000000,2.000000,660.000000,220.000000,,,,0.025000,
MP_T_Yoga_1,efficientpose,139,4.609930,ok,1,direct,0.235558,2,right_eye,0,0,0.000000,0.000000,0.000000,2.000000,646.666687,220.000000,,,,0.025000,
MP_T_Yoga_1,efficientpose,139,4.609930,ok,1,direct,0.235558,3,left_ear,0,0,0.000000,0.000000,0.000000,2.000000,660.000000,233.333328,,,,0.035000,
MP_T_Yoga_1,efficientpose,139,4.609930,ok,1,direct,0.235558,4,right_ear,0,0,0.000000,0.000000,0.000000,2.000000,633.333313,220.000000,,,,0.035000,
MP_T_Yoga_1,efficientpose,139,4.609930,ok,1,direct,0.235558,5,left_shoulder,1,1,2.000000,700.210000,300.770000,2.000000,700.000000,300.000000,0.798123,57.949828,1,0.079000,0.999392
MP_T_Yoga_1,efficientpose,139,4.609930,ok,1,direct,0.235558,6,right_shoulder,1,1,2.000000,603.540000,298.370000,2.000000,593.333313,286.666656,15.528835,57.949828,1,0.079000,0.794440
MP_T_Yoga_1,efficientpose,139,4.609930,ok,1,direct,0.235558,7,left_elbow,1,1,2.000000,727.240000,375.220000,2.000000,740.000000,366.666656,15.361552,57.949828,1,0.072000,0.762540
MP_T_Yoga_1,efficientpose,139,4.609930,ok,1,direct,0.235558,8,right_elbow,1,1,2.000000,581.920000,367.050000,2.000000,513.333313,313.333344,87.118384,57.949828,0,0.072000,0.000163
MP_T_Yoga_1,efficientpose,139,4.609930,ok,1,direct,0.235558,9,left_wrist,1,1,2.000000,750.580000,430.630000,2.000000,753.333313,420.000000,10.980785,57.949828,1,0.062000,0.829598
MP_T_Yoga_1,efficientpose,139,4.609930,ok,1,direct,0.235558,10,right_wrist,1,1,2.000000,555.550000,428.510000,2.000000,526.666687,380.000000,56.457647,57.949828,1,0.062000,0.007166
MP_T_Yoga_1,efficientpose,139,4.609930,ok,1,direct,0.235558,11,left_hip,1,1,2.000000,687.060000,437.360000,2.000000,673.333313,446.666656,16.584203,57.949828,1,0.107000,0.866694
MP_T_Yoga_1,efficientpose,139,4.609930,ok,1,direct,0.235558,12,right_hip,1,1,2.000000,629.500000,437.800000,2.000000,593.333313,446.666656,37.237707,57.949828,1,0.107000,0.486113
MP_T_Yoga_1,efficientpose,139,4.609930,ok,1,direct,0.235558,13,left_knee,1,1,2.000000,686.020000,558.870000,2.000000,606.666687,500.000000,98.805998,57.949828,0,0.087000,0.000461
MP_T_Yoga_1,efficientpose,139,4.609930,ok,1,direct,0.235558,14,right_knee,1,1,2.000000,638.550000,557.960000,2.000000,540.000000,460.000000,138.954180,57.949828,0,0.087000,0.000000
MP_T_Yoga_1,efficientpose,139,4.609930,ok,1,direct,0.235558,15,left_ankle,1,1,2.000000,684.570000,667.460000,2.000000,673.333313,606.666687,61.823054,57.949828,0,0.089000,0.056488
MP_T_Yoga_1,efficientpose,139,4.609930,ok,1,direct,0.235558,16,right_ankle,1,1,2.000000,653.550000,666.580000,2.000000,566.666687,620.000000,98.581978,57.949828,0,0.089000,0.000671
MP_T_Yoga_1,efficientpose,140,4.643094,ok,1,direct,0.181426,0,nose,1,1,2.000000,652.070000,237.010000,2.000000,646.666687,233.333328,6.535572,54.848236,1,0.026000,0.656999
MP_T_Yoga_1,efficientpose,140,4.643094,ok,1,direct,0.181426,1,left_eye,0,0,0.000000,0.000000,0.000000,2.000000,646.666687,220.000000,,,,0.025000,
MP_T_Yoga_1,efficientpose,140,4.643094,ok,1,direct,0.181426,2,right_eye,0,0,0.000000,0.000000,0.000000,2.000000,633.333313,220.000000,,,,0.025000,
MP_T_Yoga_1,efficientpose,140,4.643094,ok,1,direct,0.181426,3,left_ear,0,0,0.000000,0.000000,0.000000,2.000000,660.000000,233.333328,,,,0.035000,
MP_T_Yoga_1,efficientpose,140,4.643094,ok,1,direct,0.181426,4,right_ear,0,0,0.000000,0.000000,0.000000,2.000000,620.000000,220.000000,,,,0.035000,
MP_T_Yoga_1,efficientpose,140,4.643094,ok,1,direct,0.181426,5,left_shoulder,1,1,2.000000,699.510000,300.770000,2.000000,686.666687,313.333344,17.966310,54.848236,1,0.079000,0.709036
MP_T_Yoga_1,efficientpose,140,4.643094,ok,1,direct,0.181426,6,right_shoulder,1,1,2.000000,603.130000,298.370000,2.000000,566.666687,286.666656,38.295449,54.848236,1,0.079000,0.209668
MP_T_Yoga_1,efficientpose,140,4.643094,ok,1,direct,0.181426,7,left_elbow,1,1,2.000000,722.630000,378.400000,2.000000,740.000000,353.333344,30.496789,54.848236,1,0.072000,0.303387
MP_T_Yoga_1,efficientpose,140,4.643094,ok,1,direct,0.181426,8,right_elbow,1,1,2.000000,585.920000,369.820000,2.000000,513.333313,286.666656,110.378013,54.848236,0,0.072000,0.000000
MP_T_Yoga_1,efficientpose,140,4.643094,ok,1,direct,0.181426,9,left_wrist,1,1,2.000000,739.710000,434.530000,2.000000,753.333313,406.666656,31.015489,54.848236,1,0.062000,0.189434
MP_T_Yoga_1,efficientpose,140,4.643094,ok,1,direct,0.181426,10,right_wrist,1,1,2.000000,564.990000,433.640000,2.000000,526.666687,353.333344,88.982220,54.848236,0,0.062000,0.000001
MP_T_Yoga_1,efficientpose,140,4.643094,ok,1,direct,0.181426,11,left_hip,1,1,2.000000,687.100000,437.620000,2.000000,673.333313,433.333344,14.418637,54.848236,1,0.107000,0.886281
MP_T_Yoga_1,efficientpose,140,4.643094,ok,1,direct,0.181426,12,right_hip,1,1,2.000000,629.240000,438.020000,2.000000,353.333344,326.666656,297.529915,54.848236,0,0.107000,0.000000
MP_T_Yoga_1,efficientpose,140,4.643094,ok,1,direct,0.181426,13,left_knee,1,1,2.000000,686.020000,558.870000,2.000000,540.000000,460.000000,176.343748,54.848236,0,0.087000,0.000000
MP_T_Yoga_1,efficientpose,140,4.643094,ok,1,direct,0.181426,14,right_knee,1,1,2.000000,638.550000,557.960000,2.000000,526.666687,473.333344,140.283808,54.848236,0,0.087000,0.000000
MP_T_Yoga_1,efficientpose,140,4.643094,ok,1,direct,0.181426,15,left_ankle,1,1,2.000000,684.570000,667.460000,2.000000,660.000000,606.666687,65.570663,54.848236,0,0.089000,0.027089
MP_T_Yoga_1,efficientpose,140,4.643094,ok,1,direct,0.181426,16,right_ankle,1,1,2.000000,653.550000,666.580000,2.000000,566.666687,620.000000,98.581978,54.848236,0,0.089000,0.000287
MP_T_Yoga_1,efficientpose,141,4.676259,ok,1,direct,0.169519,0,nose,1,1,2.000000,651.480000,237.080000,2.000000,646.666687,233.333328,6.099634,52.580996,1,0.026000,0.671570
MP_T_Yoga_1,efficientpose,141,4.676259,ok,1,direct,0.169519,1,left_eye,0,0,0.000000,0.000000,0.000000,2.000000,646.666687,220.000000,,,,0.025000,
MP_T_Yoga_1,efficientpose,141,4.676259,ok,1,direct,0.169519,2,right_eye,0,0,0.000000,0.000000,0.000000,2.000000,633.333313,220.000000,,,,0.025000,
MP_T_Yoga_1,efficientpose,141,4.676259,ok,1,direct,0.169519,3,left_ear,0,0,0.000000,0.000000,0.000000,2.000000,660.000000,233.333328,,,,0.035000,
MP_T_Yoga_1,efficientpose,141,4.676259,ok,1,direct,0.169519,4,right_ear,0,0,0.000000,0.000000,0.000000,2.000000,620.000000,220.000000,,,,0.035000,
MP_T_Yoga_1,efficientpose,141,4.676259,ok,1,direct,0.169519,5,left_shoulder,1,1,2.000000,699.510000,300.770000,2.000000,660.000000,286.666656,41.951691,52.580996,1,0.079000,0.130037
MP_T_Yoga_1,efficientpose,141,4.676259,ok,1,direct,0.169519,6,right_shoulder,1,1,2.000000,603.040000,298.760000,2.000000,566.666687,286.666656,38.331017,52.580996,1,0.079000,0.182133
MP_T_Yoga_1,efficientpose,141,4.676259,ok,1,direct,0.169519,7,left_elbow,1,1,2.000000,718.360000,379.700000,2.000000,740.000000,353.333344,34.109972,52.580996,1,0.072000,0.197194
MP_T_Yoga_1,efficientpose,141,4.676259,ok,1,direct,0.169519,8,right_elbow,1,1,2.000000,586.890000,371.010000,2.000000,500.000000,300.000000,112.215383,52.580996,0,0.072000,0.000000
MP_T_Yoga_1,efficientpose,141,4.676259,ok,1,direct,0.169519,9,left_wrist,1,1,2.000000,731.680000,436.950000,2.000000,740.000000,420.000000,18.881867,52.580996,1,0.062000,0.511232
MP_T_Yoga_1,efficientpose,141,4.676259,ok,1,direct,0.169519,10,right_wrist,1,1,2.000000,571.080000,436.690000,2.000000,513.333313,366.666656,90.763145,52.580996,0,0.062000,0.000000
MP_T_Yoga_1,efficientpose,141,4.676259,ok,1,direct,0.169519,11,left_hip,1,1,2.000000,687.140000,437.880000,2.000000,646.666687,420.000000,44.246847,52.580996,1,0.107000,0.290254
MP_T_Yoga_1,efficientpose,141,4.676259,ok,1,direct,0.169519,12,right_hip,1,1,2.000000,628.980000,438.250000,2.000000,340.000000,326.666656,309.774568,52.580996,0,0.107000,0.000000
MP_T_Yoga_1,efficientpose,141,4.676259,ok,1,direct,0.169519,13,left_knee,1,1,2.000000,686.020000,558.870000,2.000000,540.000000,446.666656,184.150565,52.580996,0,0.087000,0.000000
MP_T_Yoga_1,efficientpose,141,4.676259,ok,1,direct,0.169519,14,right_knee,1,1,2.000000,638.550000,557.960000,2.000000,526.666687,460.000000,148.707893,52.580996,0,0.087000,0.000000
MP_T_Yoga_1,efficientpose,141,4.676259,ok,1,direct,0.169519,15,left_ankle,1,1,2.000000,684.570000,667.460000,2.000000,646.666687,633.333313,51.002862,52.580996,1,0.089000,0.092955
MP_T_Yoga_1,efficientpose,141,4.676259,ok,1,direct,0.169519,16,right_ankle,1,1,2.000000,653.550000,666.580000,2.000000,553.333313,606.666687,116.760393,52.580996,0,0.089000,0.000004
MP_T_Yoga_1,efficientpose,142,4.709424,ok,1,direct,0.133636,0,nose,1,1,2.000000,650.880000,237.160000,2.000000,646.666687,233.333328,5.691698,50.208261,1,0.026000,0.683722
MP_T_Yoga_1,efficientpose,142,4.709424,ok,1,direct,0.133636,1,left_eye,0,0,0.000000,0.000000,0.000000,2.000000,646.666687,220.000000,,,,0.025000,
MP_T_Yoga_1,efficientpose,142,4.709424,ok,1,direct,0.133636,2,right_eye,0,0,0.000000,0.000000,0.000000,2.000000,633.333313,220.000000,,,,0.025000,
MP_T_Yoga_1,efficientpose,142,4.709424,ok,1,direct,0.133636,3,left_ear,0,0,0.000000,0.000000,0.000000,2.000000,660.000000,233.333328,,,,0.035000,
MP_T_Yoga_1,efficientpose,142,4.709424,ok,1,direct,0.133636,4,right_ear,0,0,0.000000,0.000000,0.000000,2.000000,620.000000,220.000000,,,,0.035000,
MP_T_Yoga_1,efficientpose,142,4.709424,ok,1,direct,0.133636,5,left_shoulder,1,1,2.000000,699.510000,300.770000,2.000000,673.333313,300.000000,26.188010,50.208261,1,0.079000,0.418187
MP_T_Yoga_1,efficientpose,142,4.709424,ok,1,direct,0.133636,6,right_shoulder,1,1,2.000000,602.960000,299.140000,2.000000,553.333313,300.000000,49.634138,50.208261,1,0.079000,0.043642
MP_T_Yoga_1,efficientpose,142,4.709424,ok,1,direct,0.133636,7,left_elbow,1,1,2.000000,714.100000,381.010000,2.000000,726.666687,353.333344,30.396035,50.208261,1,0.072000,0.243169
MP_T_Yoga_1,efficientpose,142,4.709424,ok,1,direct,0.133636,8,right_elbow,1,1,2.000000,587.860000,372.200000,2.000000,486.666656,286.666656,132.499229,50.208261,0,0.072000,0.000000
MP_T_Yoga_1,efficientpose,142,4.709424,ok,1,direct,0.133636,9,left_wrist,1,1,2.000000,723.640000,439.370000,2.000000,740.000000,420.000000,25.354418,50.208261,1,0.062000,0.265327
MP_T_Yoga_1,efficientpose,142,4.709424,ok,1,direct,0.133636,10,right_wrist,1,1,2.000000,577.180000,439.730000,2.000000,500.000000,366.666656,106.277959,50.208261,0,0.062000,0.000000
MP_T_Yoga_1,efficientpose,142,4.709424,ok,1,direct,0.133636,11,left_hip,1,1,2.000000,687.170000,438.140000,2.000000,553.333313,393.333344,141.137859,50.208261,0,0.107000,0.000001
MP_T_Yoga_1,efficientpose,142,4.709424,ok,1,direct,0.133636,12,right_hip,1,1,2.000000,628.720000,438.470000,2.000000,340.000000,326.666656,309.611411,50.208261,0,0.107000,0.000000
MP_T_Yoga_1,efficientpose,142,4.709424,ok,1,direct,0.133636,13,left_knee,1,1,2.000000,686.020000,558.870000,2.000000,526.666687,446.666656,194.892454,50.208261,0,0.087000,0.000000
MP_T_Yoga_1,efficientpose,142,4.709424,ok,1,direct,0.133636,14,right_knee,1,1,2.000000,638.550000,557.960000,2.000000,500.000000,446.666656,177.714127,50.208261,0,0.087000,0.000000
MP_T_Yoga_1,efficientpose,142,4.709424,ok,1,direct,0.133636,15,left_ankle,1,1,2.000000,684.570000,667.460000,2.000000,620.000000,620.000000,80.135738,50.208261,0,0.089000,0.001609
MP_T_Yoga_1,efficientpose,142,4.709424,ok,1,direct,0.133636,16,right_ankle,1,1,2.000000,653.550000,666.580000,2.000000,460.000000,446.666656,292.956449,50.208261,0,0.089000,0.000000
MP_T_Yoga_1,efficientpose,143,4.742589,ok,1,direct,0.122967,0,nose,1,1,2.000000,650.290000,237.230000,2.000000,646.666687,233.333328,5.320944,48.456406,1,0.026000,0.699951
MP_T_Yoga_1,efficientpose,143,4.742589,ok,1,direct,0.122967,1,left_eye,0,0,0.000000,0.000000,0.000000,2.000000,660.000000,233.333328,,,,0.025000,
MP_T_Yoga_1,efficientpose,143,4.742589,ok,1,direct,0.122967,2,right_eye,0,0,0.000000,0.000000,0.000000,2.000000,633.333313,220.000000,,,,0.025000,
MP_T_Yoga_1,efficientpose,143,4.742589,ok,1,direct,0.122967,3,left_ear,0,0,0.000000,0.000000,0.000000,2.000000,673.333313,246.666672,,,,0.035000,
MP_T_Yoga_1,efficientpose,143,4.742589,ok,1,direct,0.122967,4,right_ear,0,0,0.000000,0.000000,0.000000,2.000000,620.000000,220.000000,,,,0.035000,
MP_T_Yoga_1,efficientpose,143,4.742589,ok,1,direct,0.122967,5,left_shoulder,1,1,2.000000,699.510000,300.770000,2.000000,686.666687,326.666656,28.906531,48.456406,1,0.079000,0.319684
MP_T_Yoga_1,efficientpose,143,4.742589,ok,1,direct,0.122967,6,right_shoulder,1,1,2.000000,602.870000,299.530000,2.000000,553.333313,300.000000,49.538917,48.456406,0,0.079000,0.035106
MP_T_Yoga_1,efficientpose,143,4.742589,ok,1,direct,0.122967,7,left_elbow,1,1,2.000000,713.350000,382.120000,2.000000,726.666687,353.333344,31.717594,48.456406,1,0.072000,0.191482
MP_T_Yoga_1,efficientpose,143,4.742589,ok,1,direct,0.122967,8,right_elbow,1,1,2.000000,588.820000,373.390000,2.000000,473.333344,260.000000,161.847026,48.456406,0,0.072000,0.000000
MP_T_Yoga_1,efficientpose,143,4.742589,ok,1,direct,0.122967,9,left_wrist,1,1,2.000000,719.710000,440.240000,2.000000,700.000000,406.666656,38.931395,48.456406,1,0.062000,0.034788
MP_T_Yoga_1,efficientpose,143,4.742589,ok,1,direct,0.122967,10,right_wrist,1,1,2.000000,583.270000,442.780000,2.000000,500.000000,366.666656,112.814600,48.456406,0,0.062000,0.000000
MP_T_Yoga_1,efficientpose,143,4.742589,ok,1,direct,0.122967,11,left_hip,1,1,2.000000,687.210000,438.400000,2.000000,660.000000,433.333344,27.677701,48.456406,1,0.107000,0.565566
MP_T_Yoga_1,efficientpose,143,4.742589,ok,1,direct,0.122967,12,right_hip,1,1,2.000000,628.460000,438.690000,2.000000,326.666656,313.333344,326.792768,48.456406,0,0.107000,0.000000
MP_T_Yoga_1,efficientpose,143,4.742589,ok,1,direct,0.122967,13,left_knee,1,1,2.000000,686.020000,558.870000,2.000000,540.000000,460.000000,176.343748,48.456406,0,0.087000,0.000000
MP_T_Yoga_1,efficientpose,143,4.742589,ok,1,direct,0.122967,14,right_knee,1,1,2.000000,638.550000,557.960000,2.000000,526.666687,460.000000,148.707893,48.456406,0,0.087000,0.000000
MP_T_Yoga_1,efficientpose,143,4.742589,ok,1,direct,0.122967,15,left_ankle,1,1,2.000000,684.570000,667.460000,2.000000,580.000000,606.666687,120.957479,48.456406,0,0.089000,0.000000
MP_T_Yoga_1,efficientpose,143,4.742589,ok,1,direct,0.122967,16,right_ankle,1,1,2.000000,653.550000,666.580000,2.000000,300.000000,353.333344,472.356931,48.456406,0,0.089000,0.000000
MP_T_Yoga_1,efficientpose,144,4.775754,ok,1,direct,0.165100,0,nose,1,1,2.000000,649.700000,237.300000,2.000000,646.666687,233.333328,4.993543,46.635705,1,0.026000,0.712336
MP_T_Yoga_1,efficientpose,144,4.775754,ok,1,direct,0.165100,1,left_eye,0,0,0.000000,0.000000,0.000000,2.000000,646.666687,220.000000,,,,0.025000,
MP_T_Yoga_1,efficientpose,144,4.775754,ok,1,direct,0.165100,2,right_eye,0,0,0.000000,0.000000,0.000000,2.000000,633.333313,220.000000,,,,0.025000,
MP_T_Yoga_1,efficientpose,144,4.775754,ok,1,direct,0.165100,3,left_ear,0,0,0.000000,0.000000,0.000000,2.000000,673.333313,246.666672,,,,0.035000,
MP_T_Yoga_1,efficientpose,144,4.775754,ok,1,direct,0.165100,4,right_ear,0,0,0.000000,0.000000,0.000000,2.000000,620.000000,220.000000,,,,0.035000,
MP_T_Yoga_1,efficientpose,144,4.775754,ok,1,direct,0.165100,5,left_shoulder,1,1,2.000000,699.510000,300.770000,2.000000,660.000000,286.666656,41.951691,46.635705,1,0.079000,0.074780
MP_T_Yoga_1,efficientpose,144,4.775754,ok,1,direct,0.165100,6,right_shoulder,1,1,2.000000,602.790000,299.920000,2.000000,553.333313,300.000000,49.456752,46.635705,0,0.079000,0.027213
MP_T_Yoga_1,efficientpose,144,4.775754,ok,1,direct,0.165100,7,left_elbow,1,1,2.000000,712.600000,383.230000,2.000000,740.000000,340.000000,51.181959,46.635705,0,0.072000,0.009591
MP_T_Yoga_1,efficientpose,144,4.775754,ok,1,direct,0.165100,8,right_elbow,1,1,2.000000,589.790000,374.580000,2.000000,486.666656,273.333344,144.517506,46.635705,0,0.072000,0.000000
MP_T_Yoga_1,efficientpose,144,4.775754,ok,1,direct,0.165100,9,left_wrist,1,1,2.000000,715.770000,441.100000,2.000000,713.333313,393.333344,47.828767,46.635705,0,0.062000,0.004201
MP_T_Yoga_1,efficientpose,144,4.775754,ok,1,direct,0.165100,10,right_wrist,1,1,2.000000,589.370000,445.830000,2.000000,513.333313,313.333344,152.764334,46.635705,0,0.062000,0.000000
MP_T_Yoga_1,efficientpose,144,4.775754,ok,1,direct,0.165100,11,left_hip,1,1,2.000000,687.250000,438.660000,2.000000,526.666687,380.000000,170.961972,46.635705,0,0.107000,0.000000
MP_T_Yoga_1,efficientpose,144,4.775754,ok,1,direct,0.165100,12,right_hip,1,1,2.000000,628.200000,438.910000,2.000000,340.000000,326.666656,309.285965,46.635705,0,0.107000,0.000000
MP_T_Yoga_1,efficientpose,144,4.775754,ok,1,direct,0.165100,13,left_knee,1,1,2.000000,686.020000,558.870000,2.000000,526.666687,460.000000,187.533344,46.635705,0,0.087000,0.000000
MP_T_Yoga_1,efficientpose,144,4.775754,ok,1,direct,0.165100,14,right_knee,1,1,2.000000,638.550000,557.960000,2.000000,526.666687,460.000000,148.707893,46.635705,0,0.087000,0.000000
MP_T_Yoga_1,efficientpose,144,4.775754,ok,1,direct,0.165100,15,left_ankle,1,1,2.000000,684.570000,667.460000,2.000000,606.666687,620.000000,91.221586,46.635705,0,0.089000,0.000064
MP_T_Yoga_1,efficientpose,144,4.775754,ok,1,direct,0.165100,16,right_ankle,1,1,2.000000,653.550000,666.580000,2.000000,526.666687,566.666687,161.499366,46.635705,0,0.089000,0.000000
MP_T_Yoga_1,efficientpose,145,4.808919,ok,1,direct,0.149959,0,nose,1,1,2.000000,649.100000,237.380000,2.000000,646.666687,233.333328,4.721924,45.643264,1,0.026000,0.728592
MP_T_Yoga_1,efficientpose,145,4.808919,ok,1,direct,0.149959,1,left_eye,0,0,0.000000,0.000000,0.000000,2.000000,646.666687,220.000000,,,,0.025000,
MP_T_Yoga_1,efficientpose,145,4.808919,ok,1,direct,0.149959,2,right_eye,0,0,0.000000,0.000000,0.000000,2.000000,633.333313,220.000000,,,,0.025000,
MP_T_Yoga_1,efficientpose,145,4.808919,ok,1,direct,0.149959,3,left_ear,0,0,0.000000,0.000000,0.000000,2.000000,660.000000,246.666672,,,,0.035000,
MP_T_Yoga_1,efficientpose,145,4.808919,ok,1,direct,0.149959,4,right_ear,0,0,0.000000,0.000000,0.000000,2.000000,606.666687,220.000000,,,,0.035000,
MP_T_Yoga_1,efficientpose,145,4.808919,ok,1,direct,0.149959,5,left_shoulder,1,1,2.000000,699.510000,300.770000,2.000000,660.000000,286.666656,41.951691,45.643264,1,0.079000,0.066723
MP_T_Yoga_1,efficientpose,145,4.808919,ok,1,direct,0.149959,6,right_shoulder,1,1,2.000000,602.700000,300.300000,2.000000,553.333313,300.000000,49.367599,45.643264,0,0.079000,0.023543
MP_T_Yoga_1,efficientpose,145,4.808919,ok,1,direct,0.149959,7,left_elbow,1,1,2.000000,711.850000,384.340000,2.000000,740.000000,353.333344,41.878816,45.643264,1,0.072000,0.038856
MP_T_Yoga_1,efficientpose,145,4.808919,ok,1,direct,0.149959,8,right_elbow,1,1,2.000000,590.750000,375.770000,2.000000,486.666656,273.333344,146.036334,45.643264,0,0.072000,0.000000
MP_T_Yoga_1,efficientpose,145,4.808919,ok,1,direct,0.149959,9,left_wrist,1,1,2.000000,711.840000,441.960000,2.000000,740.000000,406.666656,45.150921,45.643264,1,0.062000,0.006150
MP_T_Yoga_1,efficientpose,145,4.808919,ok,1,direct,0.149959,10,right_wrist,1,1,2.000000,595.460000,448.870000,2.000000,526.666687,353.333344,117.727536,45.643264,0,0.062000,0.000000
MP_T_Yoga_1,efficientpose,145,4.808919,ok,1,direct,0.149959,11,left_hip,1,1,2.000000,687.280000,438.920000,2.000000,646.666687,433.333344,40.995755,45.643264,1,0.107000,0.244327
MP_T_Yoga_1,efficientpose,145,4.808919,ok,1,direct,0.149959,12,right_hip,1,1,2.000000,627.940000,439.140000,2.000000,366.666656,340.000000,279.450353,45.643264,0,0.107000,0.000000
MP_T_Yoga_1,efficientpose,145,4.808919,ok,1,direct,0.149959,13,left_knee,1,1,2.000000,686.020000,558.870000,2.000000,553.333313,446.666656,173.768085,45.643264,0,0.087000,0.000000
MP_T_Yoga_1,efficientpose,145,4.808919,ok,1,direct,0.149959,14,right_knee,1,1,2.000000,638.550000,557.960000,2.000000,540.000000,460.000000,138.954180,45.643264,0,0.087000,0.000000
MP_T_Yoga_1,efficientpose,145,4.808919,ok,1,direct,0.149959,15,left_ankle,1,1,2.000000,684.570000,667.460000,2.000000,660.000000,606.666687,65.570663,45.643264,0,0.089000,0.005457
MP_T_Yoga_1,efficientpose,145,4.808919,ok,1,direct,0.149959,16,right_ankle,1,1,2.000000,653.550000,666.580000,2.000000,526.666687,566.666687,161.499366,45.643264,0,0.089000,0.000000
MP_T_Yoga_1,efficientpose,146,4.842084,ok,1,direct,0.314932,0,nose,1,1,2.000000,649.040000,237.450000,2.000000,646.666687,233.333328,4.751800,45.866992,1,0.026000,0.727937
MP_T_Yoga_1,efficientpose,146,4.842084,ok,1,direct,0.314932,1,left_eye,0,0,0.000000,0.000000,0.000000,2.000000,646.666687,220.000000,,,,0.025000,
MP_T_Yoga_1,efficientpose,146,4.842084,ok,1,direct,0.314932,2,right_eye,0,0,0.000000,0.000000,0.000000,2.000000,646.666687,220.000000,,,,0.025000,
MP_T_Yoga_1,efficientpose,146,4.842084,ok,1,direct,0.314932,3,left_ear,0,0,0.000000,0.000000,0.000000,2.000000,673.333313,246.666672,,,,0.035000,
MP_T_Yoga_1,efficientpose,146,4.842084,ok,1,direct,0.314932,4,right_ear,0,0,0.000000,0.000000,0.000000,2.000000,620.000000,233.333328,,,,0.035000,
MP_T_Yoga_1,efficientpose,146,4.842084,ok,1,direct,0.314932,5,left_shoulder,1,1,2.000000,699.510000,300.770000,2.000000,673.333313,313.333344,29.035436,45.866992,1,0.079000,0.276873
MP_T_Yoga_1,efficientpose,146,4.842084,ok,1,direct,0.314932,6,right_shoulder,1,1,2.000000,602.620000,300.690000,2.000000,580.000000,300.000000,22.630521,45.866992,1,0.079000,0.458349
MP_T_Yoga_1,efficientpose,146,4.842084,ok,1,direct,0.314932,7,left_elbow,1,1,2.000000,713.030000,382.150000,2.000000,726.666687,353.333344,31.880385,45.866992,1,0.072000,0.155074
MP_T_Yoga_1,efficientpose,146,4.842084,ok,1,direct,0.314932,8,right_elbow,1,1,2.000000,590.880000,375.770000,2.000000,513.333313,286.666656,118.122371,45.866992,0,0.072000,0.000000
MP_T_Yoga_1,efficientpose,146,4.842084,ok,1,direct,0.314932,9,left_wrist,1,1,2.000000,713.190000,441.890000,2.000000,726.666687,406.666656,37.713459,45.866992,1,0.062000,0.029672
MP_T_Yoga_1,efficientpose,146,4.842084,ok,1,direct,0.314932,10,right_wrist,1,1,2.000000,595.850000,449.520000,2.000000,566.666687,380.000000,75.396924,45.866992,0,0.062000,0.000001
MP_T_Yoga_1,efficientpose,146,4.842084,ok,1,direct,0.314932,11,left_hip,1,1,2.000000,686.360000,438.920000,2.000000,660.000000,420.000000,32.447126,45.866992,1,0.107000,0.417193
MP_T_Yoga_1,efficientpose,146,4.842084,ok,1,direct,0.314932,12,right_hip,1,1,2.000000,627.940000,439.140000,2.000000,566.666687,406.666656,69.346499,45.866992,0,0.107000,0.018442
MP_T_Yoga_1,efficientpose,146,4.842084,ok,1,direct,0.314932,13,left_knee,1,1,2.000000,686.020000,558.870000,2.000000,606.666687,473.333344,116.676767,45.866992,0,0.087000,0.000000
MP_T_Yoga_1,efficientpose,146,4.842084,ok,1,direct,0.314932,14,right_knee,1,1,2.000000,638.550000,557.960000,2.000000,540.000000,473.333344,129.899090,45.866992,0,0.087000,0.000000
MP_T_Yoga_1,efficientpose,146,4.842084,ok,1,direct,0.314932,15,left_ankle,1,1,2.000000,684.570000,667.460000,2.000000,686.666687,620.000000,47.506291,45.866992,0,0.089000,0.066627
MP_T_Yoga_1,efficientpose,146,4.842084,ok,1,direct,0.314932,16,right_ankle,1,1,2.000000,653.550000,666.580000,2.000000,540.000000,580.000000,142.792503,45.866992,0,0.089000,0.000000
MP_T_Yoga_1,efficientpose,147,4.875249,ok,1,direct,0.147182,0,nose,1,1,2.000000,648.980000,237.520000,2.000000,646.666687,233.333328,4.783266,46.091426,1,0.026000,0.727142
MP_T_Yoga_1,efficientpose,147,4.875249,ok,1,direct,0.147182,1,left_eye,0,0,0.000000,0.000000,0.000000,2.000000,646.666687,220.000000,,,,0.025000,
MP_T_Yoga_1,efficientpose,147,4.875249,ok,1,direct,0.147182,2,right_eye,0,0,0.000000,0.000000,0.000000,2.000000,633.333313,220.000000,,,,0.025000,
MP_T_Yoga_1,efficientpose,147,4.875249,ok,1,direct,0.147182,3,left_ear,0,0,0.000000,0.000000,0.000000,2.000000,660.000000,233.333328,,,,0.035000,
MP_T_Yoga_1,efficientpose,147,4.875249,ok,1,direct,0.147182,4,right_ear,0,0,0.000000,0.000000,0.000000,2.000000,620.000000,220.000000,,,,0.035000,
MP_T_Yoga_1,efficientpose,147,4.875249,ok,1,direct,0.147182,5,left_shoulder,1,1,2.000000,699.510000,300.770000,2.000000,700.000000,326.666656,25.901292,46.091426,1,0.079000,0.363493
MP_T_Yoga_1,efficientpose,147,4.875249,ok,1,direct,0.147182,6,right_shoulder,1,1,2.000000,602.530000,301.070000,2.000000,553.333313,300.000000,49.208322,46.091426,0,0.079000,0.025921
MP_T_Yoga_1,efficientpose,147,4.875249,ok,1,direct,0.147182,7,left_elbow,1,1,2.000000,714.210000,379.960000,2.000000,740.000000,340.000000,47.559707,46.091426,0,0.072000,0.016445
MP_T_Yoga_1,efficientpose,147,4.875249,ok,1,direct,0.147182,8,right_elbow,1,1,2.000000,591.010000,375.770000,2.000000,500.000000,286.666656,127.366502,46.091426,0,0.072000,0.000000
MP_T_Yoga_1,efficientpose,147,4.875249,ok,1,direct,0.147182,9,left_wrist,1,1,2.000000,714.540000,441.830000,2.000000,740.000000,406.666656,43.412813,46.091426,1,0.062000,0.009895
MP_T_Yoga_1,efficientpose,147,4.875249,ok,1,direct,0.147182,10,right_wrist,1,1,2.000000,596.230000,450.160000,2.000000,526.666687,353.333344,119.224393,46.091426,0,0.062000,0.000000
MP_T_Yoga_1,efficientpose,147,4.875249,ok,1,direct,0.147182,11,left_hip,1,1,2.000000,685.430000,438.920000,2.000000,646.666687,420.000000,43.134219,46.091426,1,0.107000,0.216555
MP_T_Yoga_1,efficientpose,147,4.875249,ok,1,direct,0.147182,12,right_hip,1,1,2.000000,627.940000,439.140000,2.000000,353.333344,326.666656,296.747483,46.091426,0,0.107000,0.000000
MP_T_Yoga_1,efficientpose,147,4.875249,ok,1,direct,0.147182,13,left_knee,1,1,2.000000,686.020000,558.870000,2.000000,526.666687,446.666656,194.892454,46.091426,0,0.087000,0.000000
MP_T_Yoga_1,efficientpose,147,4.875249,ok,1,direct,0.147182,14,right_knee,1,1,2.000000,638.550000,557.960000,2.000000,513.333313,446.666656,167.527392,46.091426,0,0.087000,0.000000
MP_T_Yoga_1,efficientpose,147,4.875249,ok,1,direct,0.147182,15,left_ankle,1,1,2.000000,684.570000,667.460000,2.000000,660.000000,606.666687,65.570663,46.091426,0,0.089000,0.006036
MP_T_Yoga_1,efficientpose,147,4.875249,ok,1,direct,0.147182,16,right_ankle,1,1,2.000000,653.550000,666.580000,2.000000,513.333313,566.666687,172.172557,46.091426,0,0.089000,0.000000
MP_T_Yoga_1,efficientpose,148,4.908414,ok,1,direct,0.175043,0,nose,1,1,2.000000,648.920000,237.590000,2.000000,646.666687,233.333328,4.816293,46.314699,1,0.026000,0.726191
MP_T_Yoga_1,efficientpose,148,4.908414,ok,1,direct,0.175043,1,left_eye,0,0,0.000000,0.000000,0.000000,2.000000,646.666687,233.333328,,,,0.025000,
MP_T_Yoga_1,efficientpose,148,4.908414,ok,1,direct,0.175043,2,right_eye,0,0,0.000000,0.000000,0.000000,2.000000,633.333313,233.333328,,,,0.025000,
MP_T_Yoga_1,efficientpose,148,4.908414,ok,1,direct,0.175043,3,left_ear,0,0,0.000000,0.000000,0.000000,2.000000,673.333313,246.666672,,,,0.035000,
MP_T_Yoga_1,efficientpose,148,4.908414,ok,1,direct,0.175043,4,right_ear,0,0,0.000000,0.000000,0.000000,2.000000,286.666656,326.666656,,,,0.035000,
MP_T_Yoga_1,efficientpose,148,4.908414,ok,1,direct,0.175043,5,left_shoulder,1,1,2.000000,699.510000,300.770000,2.000000,686.666687,326.666656,28.906531,46.314699,1,0.079000,0.286983
MP_T_Yoga_1,efficientpose,148,4.908414,ok,1,direct,0.175043,6,right_shoulder,1,1,2.000000,602.440000,301.460000,2.000000,553.333313,300.000000,49.128386,46.314699,0,0.079000,0.027165
MP_T_Yoga_1,efficientpose,148,4.908414,ok,1,direct,0.175043,7,left_elbow,1,1,2.000000,715.390000,377.770000,2.000000,740.000000,353.333344,34.681440,46.314699,1,0.072000,0.114942
MP_T_Yoga_1,efficientpose,148,4.908414,ok,1,direct,0.175043,8,right_elbow,1,1,2.000000,591.140000,375.770000,2.000000,500.000000,353.333344,93.861084,46.314699,0,0.072000,0.000000
MP_T_Yoga_1,efficientpose,148,4.908414,ok,1,direct,0.175043,9,left_wrist,1,1,2.000000,715.890000,441.770000,2.000000,740.000000,406.666656,42.585641,46.314699,1,0.062000,0.012292
MP_T_Yoga_1,efficientpose,148,4.908414,ok,1,direct,0.175043,10,right_wrist,1,1,2.000000,596.620000,450.800000,2.000000,540.000000,366.666656,101.411261,46.314699,0,0.062000,0.000000
MP_T_Yoga_1,efficientpose,148,4.908414,ok,1,direct,0.175043,11,left_hip,1,1,2.000000,684.510000,438.920000,2.000000,660.000000,433.333344,25.138632,46.314699,1,0.107000,0.597713
MP_T_Yoga_1,efficientpose,148,4.908414,ok,1,direct,0.175043,12,right_hip,1,1,2.000000,627.940000,439.140000,2.000000,540.000000,420.000000,89.998796,46.314699,0,0.107000,0.001365
MP_T_Yoga_1,efficientpose,148,4.908414,ok,1,direct,0.175043,13,left_knee,1,1,2.000000,686.020000,558.870000,2.000000,540.000000,460.000000,176.343748,46.314699,0,0.087000,0.000000
MP_T_Yoga_1,efficientpose,148,4.908414,ok,1,direct,0.175043,14,right_knee,1,1,2.000000,638.550000,557.960000,2.000000,540.000000,460.000000,138.954180,46.314699,0,0.087000,0.000000
MP_T_Yoga_1,efficientpose,148,4.908414,ok,1,direct,0.175043,15,left_ankle,1,1,2.000000,684.570000,667.460000,2.000000,673.333313,620.000000,48.772069,46.314699,0,0.089000,0.060811
MP_T_Yoga_1,efficientpose,148,4.908414,ok,1,direct,0.175043,16,right_ankle,1,1,2.000000,653.550000,666.580000,2.000000,553.333313,593.333313,124.130824,46.314699,0,0.089000,0.000000
MP_T_Yoga_1,efficientpose,149,4.941579,ok,1,direct,0.293024,0,nose,1,1,2.000000,648.860000,237.660000,2.000000,646.666687,233.333328,4.850846,46.536827,1,0.026000,0.725091
MP_T_Yoga_1,efficientpose,149,4.941579,ok,1,direct,0.293024,1,left_eye,0,0,0.000000,0.000000,0.000000,2.000000,660.000000,233.333328,,,,0.025000,
MP_T_Yoga_1,efficientpose,149,4.941579,ok,1,direct,0.293024,2,right_eye,0,0,0.000000,0.000000,0.000000,2.000000,646.666687,220.000000,,,,0.025000,
MP_T_Yoga_1,efficientpose,149,4.941579,ok,1,direct,0.293024,3,left_ear,0,0,0.000000,0.000000,0.000000,2.000000,673.333313,246.666672,,,,0.035000,
MP_T_Yoga_1,efficientpose,149,4.941579,ok,1,direct,0.293024,4,right_ear,0,0,0.000000,0.000000,0.000000,2.000000,620.000000,233.333328,,,,0.035000,
MP_T_Yoga_1,efficientpose,149,4.941579,ok,1,direct,0.293024,5,left_shoulder,1,1,2.000000,699.510000,300.770000,2.000000,686.666687,313.333344,17.966310,46.536827,1,0.079000,0.620246
MP_T_Yoga_1,efficientpose,149,4.941579,ok,1,direct,0.293024,6,right_shoulder,1,1,2.000000,602.360000,301.840000,2.000000,580.000000,300.000000,22.435579,46.536827,1,0.079000,0.474815
MP_T_Yoga_1,efficientpose,149,4.941579,ok,1,direct,0.293024,7,left_elbow,1,1,2.000000,716.560000,375.570000,2.000000,740.000000,353.333344,32.309480,46.536827,1,0.072000,0.155727
MP_T_Yoga_1,efficientpose,149,4.941579,ok,1,direct,0.293024,8,right_elbow,1,1,2.000000,591.270000,375.770000,2.000000,513.333313,353.333344,81.101977,46.536827,0,0.072000,0.000008
MP_T_Yoga_1,efficientpose,149,4.941579,ok,1,direct,0.293024,9,left_wrist,1,1,2.000000,717.240000,441.700000,2.000000,740.000000,406.666656,41.777419,46.536827,1,0.062000,0.015099
MP_T_Yoga_1,efficientpose,149,4.941579,ok,1,direct,0.293024,10,right_wrist,1,1,2.000000,597.000000,451.440000,2.000000,553.333313,380.000000,83.728449,46.536827,0,0.062000,0.000000
MP_T_Yoga_1,efficientpose,149,4.941579,ok,1,direct,0.293024,11,left_hip,1,1,2.000000,683.580000,438.920000,2.000000,660.000000,420.000000,30.232148,46.536827,1,0.107000,0.478434
MP_T_Yoga_1,efficientpose,149,4.941579,ok,1,direct,0.293024,12,right_hip,1,1,2.000000,627.940000,439.140000,2.000000,566.666687,406.666656,69.346499,46.536827,0,0.107000,0.020672
MP_T_Yoga_1,efficientpose,149,4.941579,ok,1,direct,0.293024,13,left_knee,1,1,2.000000,686.020000,558.870000,2.000000,606.666687,473.333344,116.676767,46.536827,0,0.087000,0.000000
MP_T_Yoga_1,efficientpose,149,4.941579,ok,1,direct,0.293024,14,right_knee,1,1,2.000000,638.550000,557.960000,2.000000,553.333313,473.333344,120.098105,46.536827,0,0.087000,0.000000
MP_T_Yoga_1,efficientpose,149,4.941579,ok,1,direct,0.293024,15,left_ankle,1,1,2.000000,684.570000,667.460000,2.000000,686.666687,633.333313,34.191035,46.536827,1,0.089000,0.255904
MP_T_Yoga_1,efficientpose,149,4.941579,ok,1,direct,0.293024,16,right_ankle,1,1,2.000000,653.550000,666.580000,2.000000,553.333313,606.666687,116.760393,46.536827,0,0.089000,0.000000
MP_T_Yoga_1,efficientpose,150,4.974744,ok,1,direct,0.311092,0,nose,1,1,2.000000,648.790000,237.720000,2.000000,646.666687,233.333328,4.873535,46.758371,1,0.026000,0.725129
MP_T_Yoga_1,efficientpose,150,4.974744,ok,1,direct,0.311092,1,left_eye,0,0,0.000000,0.000000,0.000000,2.000000,660.000000,233.333328,,,,0.025000,
MP_T_Yoga_1,efficientpose,150,4.974744,ok,1,direct,0.311092,2,right_eye,0,0,0.000000,0.000000,0.000000,2.000000,646.666687,220.000000,,,,0.025000,
MP_T_Yoga_1,efficientpose,150,4.974744,ok,1,direct,0.311092,3,left_ear,0,0,0.000000,0.000000,0.000000,2.000000,673.333313,246.666672,,,,0.035000,
MP_T_Yoga_1,efficientpose,150,4.974744,ok,1,direct,0.311092,4,right_ear,0,0,0.000000,0.000000,0.000000,2.000000,620.000000,233.333328,,,,0.035000,
MP_T_Yoga_1,efficientpose,150,4.974744,ok,1,direct,0.311092,5,left_shoulder,1,1,2.000000,699.510000,300.770000,2.000000,673.333313,313.333344,29.035436,46.758371,1,0.079000,0.290631
MP_T_Yoga_1,efficientpose,150,4.974744,ok,1,direct,0.311092,6,right_shoulder,1,1,2.000000,602.270000,302.230000,2.000000,593.333313,286.666656,17.946644,46.758371,1,0.079000,0.623698
MP_T_Yoga_1,efficientpose,150,4.974744,ok,1,direct,0.311092,7,left_elbow,1,1,2.000000,717.740000,373.380000,2.000000,740.000000,353.333344,29.956235,46.758371,1,0.072000,0.205253
MP_T_Yoga_1,efficientpose,150,4.974744,ok,1,direct,0.311092,8,right_elbow,1,1,2.000000,591.400000,375.770000,2.000000,513.333313,313.333344,99.963712,46.758371,0,0.072000,0.000000
MP_T_Yoga_1,efficientpose,150,4.974744,ok,1,direct,0.311092,9,left_wrist,1,1,2.000000,718.590000,441.640000,2.000000,740.000000,406.666656,41.006376,46.758371,1,0.062000,0.018287
MP_T_Yoga_1,efficientpose,150,4.974744,ok,1,direct,0.311092,10,right_wrist,1,1,2.000000,597.390000,452.090000,2.000000,540.000000,380.000000,92.144344,46.758371,0,0.062000,0.000000
MP_T_Yoga_1,efficientpose,150,4.974744,ok,1,direct,0.311092,11,left_hip,1,1,2.000000,682.660000,438.920000,2.000000,660.000000,420.000000,29.520196,46.758371,1,0.107000,0.498437
MP_T_Yoga_1,efficientpose,150,4.974744,ok,1,direct,0.311092,12,right_hip,1,1,2.000000,627.940000,439.140000,2.000000,566.666687,406.666656,69.346499,46.758371,0,0.107000,0.021444
MP_T_Yoga_1,efficientpose,150,4.974744,ok,1,direct,0.311092,13,left_knee,1,1,2.000000,686.020000,558.870000,2.000000,620.000000,486.666656,97.836410,46.758371,0,0.087000,0.000009
MP_T_Yoga_1,efficientpose,150,4.974744,ok,1,direct,0.311092,14,right_knee,1,1,2.000000,638.550000,557.960000,2.000000,553.333313,486.666656,111.106366,46.758371,0,0.087000,0.000000
MP_T_Yoga_1,efficientpose,150,4.974744,ok,1,direct,0.311092,15,left_ankle,1,1,2.000000,684.570000,667.460000,2.000000,686.666687,633.333313,34.191035,46.758371,1,0.089000,0.259223
MP_T_Yoga_1,efficientpose,150,4.974744,ok,1,direct,0.311092,16,right_ankle,1,1,2.000000,653.550000,666.580000,2.000000,553.333313,606.666687,116.760393,46.758371,0,0.089000,0.000000
MP_T_Yoga_1,efficientpose,151,5.007909,ok,1,direct,0.439627,0,nose,1,1,2.000000,648.730000,237.790000,2.000000,646.666687,233.333328,4.911129,46.551945,1,0.026000,0.719439
MP_T_Yoga_1,efficientpose,151,5.007909,ok,1,direct,0.439627,1,left_eye,0,0,0.000000,0.000000,0.000000,2.000000,660.000000,233.333328,,,,0.025000,
MP_T_Yoga_1,efficientpose,151,5.007909,ok,1,direct,0.439627,2,right_eye,0,0,0.000000,0.000000,0.000000,2.000000,646.666687,233.333328,,,,0.025000,
MP_T_Yoga_1,efficientpose,151,5.007909,ok,1,direct,0.439627,3,left_ear,0,0,0.000000,0.000000,0.000000,2.000000,673.333313,246.666672,,,,0.035000,
MP_T_Yoga_1,efficientpose,151,5.007909,ok,1,direct,0.439627,4,right_ear,0,0,0.000000,0.000000,0.000000,2.000000,633.333313,246.666672,,,,0.035000,
MP_T_Yoga_1,efficientpose,151,5.007909,ok,1,direct,0.439627,5,left_shoulder,1,1,2.000000,699.510000,300.770000,2.000000,686.666687,300.000000,12.866374,46.551945,1,0.079000,0.782861
MP_T_Yoga_1,efficientpose,151,5.007909,ok,1,direct,0.439627,6,right_shoulder,1,1,2.000000,602.190000,302.610000,2.000000,593.333313,286.666656,18.238177,46.551945,1,0.079000,0.611473
MP_T_Yoga_1,efficientpose,151,5.007909,ok,1,direct,0.439627,7,left_elbow,1,1,2.000000,717.490000,373.380000,2.000000,726.666687,353.333344,22.047223,46.551945,1,0.072000,0.420900
MP_T_Yoga_1,efficientpose,151,5.007909,ok,1,direct,0.439627,8,right_elbow,1,1,2.000000,591.400000,375.770000,2.000000,526.666687,326.666656,81.249862,46.551945,0,0.072000,0.000008
MP_T_Yoga_1,efficientpose,151,5.007909,ok,1,direct,0.439627,9,left_wrist,1,1,2.000000,717.360000,441.640000,2.000000,726.666687,406.666656,36.190457,46.551945,1,0.062000,0.043086
MP_T_Yoga_1,efficientpose,151,5.007909,ok,1,direct,0.439627,10,right_wrist,1,1,2.000000,597.450000,451.860000,2.000000,553.333313,366.666656,95.938459,46.551945,0,0.062000,0.000000
MP_T_Yoga_1,efficientpose,151,5.007909,ok,1,direct,0.439627,11,left_hip,1,1,2.000000,682.660000,438.920000,2.000000,673.333313,420.000000,21.093921,46.551945,1,0.107000,0.698601
MP_T_Yoga_1,efficientpose,151,5.007909,ok,1,direct,0.439627,12,right_hip,1,1,2.000000,627.940000,439.140000,2.000000,593.333313,406.666656,47.456726,46.551945,0,0.107000,0.162766
MP_T_Yoga_1,efficientpose,151,5.007909,ok,1,direct,0.439627,13,left_knee,1,1,2.000000,686.020000,558.870000,2.000000,646.666687,486.666656,82.231418,46.551945,0,0.087000,0.000263
MP_T_Yoga_1,efficientpose,151,5.007909,ok,1,direct,0.439627,14,right_knee,1,1,2.000000,638.550000,557.960000,2.000000,593.333313,473.333344,95.949048,46.551945,0,0.087000,0.000013
MP_T_Yoga_1,efficientpose,151,5.007909,ok,1,direct,0.439627,15,left_ankle,1,1,2.000000,684.570000,667.460000,2.000000,686.666687,633.333313,34.191035,46.551945,1,0.089000,0.256131
MP_T_Yoga_1,efficientpose,151,5.007909,ok,1,direct,0.439627,16,right_ankle,1,1,2.000000,653.550000,666.580000,2.000000,620.000000,646.666687,39.014645,46.551945,1,0.089000,0.169739
MP_T_Yoga_1,efficientpose,152,5.041074,ok,1,direct,0.445991,0,nose,1,1,2.000000,648.670000,237.860000,2.000000,646.666687,233.333328,4.950154,46.500137,1,0.026000,0.715135
MP_T_Yoga_1,efficientpose,152,5.041074,ok,1,direct,0.445991,1,left_eye,0,0,0.000000,0.000000,0.000000,2.000000,660.000000,233.333328,,,,0.025000,
MP_T_Yoga_1,efficientpose,152,5.041074,ok,1,direct,0.445991,2,right_eye,0,0,0.000000,0.000000,0.000000,2.000000,646.666687,233.333328,,,,0.025000,
MP_T_Yoga_1,efficientpose,152,5.041074,ok,1,direct,0.445991,3,left_ear,0,0,0.000000,0.000000,0.000000,2.000000,673.333313,246.666672,,,,0.035000,
MP_T_Yoga_1,efficientpose,152,5.041074,ok,1,direct,0.445991,4,right_ear,0,0,0.000000,0.000000,0.000000,2.000000,633.333313,246.666672,,,,0.035000,
MP_T_Yoga_1,efficientpose,152,5.041074,ok,1,direct,0.445991,5,left_shoulder,1,1,2.000000,699.510000,300.770000,2.000000,686.666687,300.000000,12.866374,46.500137,1,0.079000,0.782433
MP_T_Yoga_1,efficientpose,152,5.041074,ok,1,direct,0.445991,6,right_shoulder,1,1,2.000000,602.100000,303.000000,2.000000,593.333313,286.666656,18.537338,46.500137,1,0.079000,0.600924
MP_T_Yoga_1,efficientpose,152,5.041074,ok,1,direct,0.445991,7,left_elbow,1,1,2.000000,717.230000,373.380000,2.000000,726.666687,353.333344,22.156703,46.500137,1,0.072000,0.416477
MP_T_Yoga_1,efficientpose,152,5.041074,ok,1,direct,0.445991,8,right_elbow,1,1,2.000000,591.400000,375.770000,2.000000,526.666687,340.000000,73.958737,46.500137,0,0.072000,0.000058
MP_T_Yoga_1,efficientpose,152,5.041074,ok,1,direct,0.445991,9,left_wrist,1,1,2.000000,716.140000,441.640000,2.000000,726.666687,406.666656,36.523224,46.500137,1,0.062000,0.040365
MP_T_Yoga_1,efficientpose,152,5.041074,ok,1,direct,0.445991,10,right_wrist,1,1,2.000000,597.520000,451.640000,2.000000,566.666687,380.000000,78.001388,46.500137,0,0.062000,0.000000
MP_T_Yoga_1,efficientpose,152,5.041074,ok,1,direct,0.445991,11,left_hip,1,1,2.000000,682.660000,438.920000,2.000000,673.333313,420.000000,21.093921,46.500137,1,0.107000,0.698043
MP_T_Yoga_1,efficientpose,152,5.041074,ok,1,direct,0.445991,12,right_hip,1,1,2.000000,627.940000,439.140000,2.000000,593.333313,406.666656,47.456726,46.500137,0,0.107000,0.162109
MP_T_Yoga_1,efficientpose,152,5.041074,ok,1,direct,0.445991,13,left_knee,1,1,2.000000,686.020000,558.870000,2.000000,646.666687,486.666656,82.231418,46.500137,0,0.087000,0.000258
MP_T_Yoga_1,efficientpose,152,5.041074,ok,1,direct,0.445991,14,right_knee,1,1,2.000000,638.550000,557.960000,2.000000,606.666687,486.666656,78.097929,46.500137,0,0.087000,0.000579
MP_T_Yoga_1,efficientpose,152,5.041074,ok,1,direct,0.445991,15,left_ankle,1,1,2.000000,684.570000,667.460000,2.000000,686.666687,633.333313,34.191035,46.500137,1,0.089000,0.255354
MP_T_Yoga_1,efficientpose,152,5.041074,ok,1,direct,0.445991,16,right_ankle,1,1,2.000000,653.550000,666.580000,2.000000,593.333313,620.000000,76.129796,46.500137,0,0.089000,0.001150
MP_T_Yoga_1,efficientpose,153,5.074239,ok,1,direct,0.408681,0,nose,1,1,2.000000,648.610000,237.930000,2.000000,646.666687,233.333328,4.990577,46.448286,1,0.026000,0.710673
MP_T_Yoga_1,efficientpose,153,5.074239,ok,1,direct,0.408681,1,left_eye,0,0,0.000000,0.000000,0.000000,2.000000,660.000000,233.333328,,,,0.025000,
MP_T_Yoga_1,efficientpose,153,5.074239,ok,1,direct,0.408681,2,right_eye,0,0,0.000000,0.000000,0.000000,2.000000,646.666687,233.333328,,,,0.025000,
MP_T_Yoga_1,efficientpose,153,5.074239,ok,1,direct,0.408681,3,left_ear,0,0,0.000000,0.000000,0.000000,2.000000,673.333313,246.666672,,,,0.035000,
MP_T_Yoga_1,efficientpose,153,5.074239,ok,1,direct,0.408681,4,right_ear,0,0,0.000000,0.000000,0.000000,2.000000,633.333313,246.666672,,,,0.035000,
MP_T_Yoga_1,efficientpose,153,5.074239,ok,1,direct,0.408681,5,left_shoulder,1,1,2.000000,699.510000,300.770000,2.000000,686.666687,300.000000,12.866374,46.448286,1,0.079000,0.782005
MP_T_Yoga_1,efficientpose,153,5.074239,ok,1,direct,0.408681,6,right_shoulder,1,1,2.000000,602.020000,303.380000,2.000000,593.333313,286.666656,18.835986,46.448286,1,0.079000,0.590372
MP_T_Yoga_1,efficientpose,153,5.074239,ok,1,direct,0.408681,7,left_elbow,1,1,2.000000,716.970000,373.380000,2.000000,726.666687,353.333344,22.268681,46.448286,1,0.072000,0.411981
MP_T_Yoga_1,efficientpose,153,5.074239,ok,1,direct,0.408681,8,right_elbow,1,1,2.000000,591.400000,375.770000,2.000000,540.000000,340.000000,62.621505,46.448286,0,0.072000,0.000901
MP_T_Yoga_1,efficientpose,153,5.074239,ok,1,direct,0.408681,9,left_wrist,1,1,2.000000,714.920000,441.640000,2.000000,726.666687,406.666656,36.893352,46.448286,1,0.062000,0.037535
MP_T_Yoga_1,efficientpose,153,5.074239,ok,1,direct,0.408681,10,right_wrist,1,1,2.000000,597.580000,451.410000,2.000000,526.666687,366.666656,110.499467,46.448286,0,0.062000,0.000000
MP_T_Yoga_1,efficientpose,153,5.074239,ok,1,direct,0.408681,11,left_hip,1,1,2.000000,682.660000,438.920000,2.000000,660.000000,420.000000,29.520196,46.448286,1,0.107000,0.493810
MP_T_Yoga_1,efficientpose,153,5.074239,ok,1,direct,0.408681,12,right_hip,1,1,2.000000,627.940000,439.140000,2.000000,580.000000,420.000000,51.619601,46.448286,0,0.107000,0.115613
MP_T_Yoga_1,efficientpose,153,5.074239,ok,1,direct,0.408681,13,left_knee,1,1,2.000000,686.020000,558.870000,2.000000,646.666687,500.000000,70.812147,46.448286,0,0.087000,0.002152
MP_T_Yoga_1,efficientpose,153,5.074239,ok,1,direct,0.408681,14,right_knee,1,1,2.000000,638.550000,557.960000,2.000000,606.666687,486.666656,78.097929,46.448286,0,0.087000,0.000570
MP_T_Yoga_1,efficientpose,153,5.074239,ok,1,direct,0.408681,15,left_ankle,1,1,2.000000,684.570000,667.460000,2.000000,686.666687,633.333313,34.191035,46.448286,1,0.089000,0.254576
MP_T_Yoga_1,efficientpose,153,5.074239,ok,1,direct,0.408681,16,right_ankle,1,1,2.000000,653.550000,666.580000,2.000000,580.000000,620.000000,87.059169,46.448286,0,0.089000,0.000140
MP_T_Yoga_1,efficientpose,154,5.107404,ok,1,direct,0.453887,0,nose,1,1,2.000000,648.550000,238.000000,2.000000,646.666687,233.333328,5.032365,46.398244,1,0.026000,0.706073
MP_T_Yoga_1,efficientpose,154,5.107404,ok,1,direct,0.453887,1,left_eye,0,0,0.000000,0.000000,0.000000,2.000000,660.000000,233.333328,,,,0.025000,
MP_T_Yoga_1,efficientpose,154,5.107404,ok,1,direct,0.453887,2,right_eye,0,0,0.000000,0.000000,0.000000,2.000000,646.666687,233.333328,,,,0.025000,
MP_T_Yoga_1,efficientpose,154,5.107404,ok,1,direct,0.453887,3,left_ear,0,0,0.000000,0.000000,0.000000,2.000000,673.333313,246.666672,,,,0.035000,
MP_T_Yoga_1,efficientpose,154,5.107404,ok,1,direct,0.453887,4,right_ear,0,0,0.000000,0.000000,0.000000,2.000000,633.333313,246.666672,,,,0.035000,
MP_T_Yoga_1,efficientpose,154,5.107404,ok,1,direct,0.453887,5,left_shoulder,1,1,2.000000,699.510000,300.770000,2.000000,686.666687,300.000000,12.866374,46.398244,1,0.079000,0.781590
MP_T_Yoga_1,efficientpose,154,5.107404,ok,1,direct,0.453887,6,right_shoulder,1,1,2.000000,601.930000,303.770000,2.000000,593.333313,286.666656,19.142293,46.398244,1,0.079000,0.579577
MP_T_Yoga_1,efficientpose,154,5.107404,ok,1,direct,0.453887,7,left_elbow,1,1,2.000000,716.720000,373.380000,2.000000,740.000000,353.333344,30.721765,46.398244,1,0.072000,0.184256
MP_T_Yoga_1,efficientpose,154,5.107404,ok,1,direct,0.453887,8,right_elbow,1,1,2.000000,591.400000,375.770000,2.000000,526.666687,340.000000,73.958737,46.398244,0,0.072000,0.000055
MP_T_Yoga_1,efficientpose,154,5.107404,ok,1,direct,0.453887,9,left_wrist,1,1,2.000000,713.700000,441.640000,2.000000,726.666687,406.666656,37.299728,46.398244,1,0.062000,0.034651
MP_T_Yoga_1,efficientpose,154,5.107404,ok,1,direct,0.453887,10,right_wrist,1,1,2.000000,597.640000,451.190000,2.000000,540.000000,366.666656,102.306232,46.398244,0,0.062000,0.000000
MP_T_Yoga_1,efficientpose,154,5.107404,ok,1,direct,0.453887,11,left_hip,1,1,2.000000,682.660000,438.920000,2.000000,673.333313,420.000000,21.093921,46.398244,1,0.107000,0.696940
MP_T_Yoga_1,efficientpose,154,5.107404,ok,1,direct,0.453887,12,right_hip,1,1,2.000000,627.940000,439.140000,2.000000,606.666687,420.000000,28.616314,46.398244,1,0.107000,0.514537
MP_T_Yoga_1,efficientpose,154,5.107404,ok,1,direct,0.453887,13,left_knee,1,1,2.000000,686.020000,558.870000,2.000000,646.666687,500.000000,70.812147,46.398244,0,0.087000,0.002124
MP_T_Yoga_1,efficientpose,154,5.107404,ok,1,direct,0.453887,14,right_knee,1,1,2.000000,638.550000,557.960000,2.000000,606.666687,486.666656,78.097929,46.398244,0,0.087000,0.000561
MP_T_Yoga_1,efficientpose,154,5.107404,ok,1,direct,0.453887,15,left_ankle,1,1,2.000000,684.570000,667.460000,2.000000,700.000000,633.333313,37.452846,46.398244,1,0.089000,0.192976
MP_T_Yoga_1,efficientpose,154,5.107404,ok,1,direct,0.453887,16,right_ankle,1,1,2.000000,653.550000,666.580000,2.000000,593.333313,620.000000,76.129796,46.398244,0,0.089000,0.001116
MP_T_Yoga_1,efficientpose,155,5.140569,ok,1,direct,0.493314,0,nose,1,1,2.000000,648.490000,238.070000,2.000000,646.666687,233.333328,5.075483,46.346311,1,0.026000,0.701300
MP_T_Yoga_1,efficientpose,155,5.140569,ok,1,direct,0.493314,1,left_eye,0,0,0.000000,0.000000,0.000000,2.000000,660.000000,233.333328,,,,0.025000,
MP_T_Yoga_1,efficientpose,155,5.140569,ok,1,direct,0.493314,2,right_eye,0,0,0.000000,0.000000,0.000000,2.000000,646.666687,233.333328,,,,0.025000,
MP_T_Yoga_1,efficientpose,155,5.140569,ok,1,direct,0.493314,3,left_ear,0,0,0.000000,0.000000,0.000000,2.000000,673.333313,246.666672,,,,0.035000,
MP_T_Yoga_1,efficientpose,155,5.140569,ok,1,direct,0.493314,4,right_ear,0,0,0.000000,0.000000,0.000000,2.000000,633.333313,246.666672,,,,0.035000,
MP_T_Yoga_1,efficientpose,155,5.140569,ok,1,direct,0.493314,5,left_shoulder,1,1,2.000000,699.510000,300.770000,2.000000,686.666687,300.000000,12.866374,46.346311,1,0.079000,0.781158
MP_T_Yoga_1,efficientpose,155,5.140569,ok,1,direct,0.493314,6,right_shoulder,1,1,2.000000,601.850000,304.160000,2.000000,593.333313,273.333344,31.981506,46.346311,1,0.079000,0.217412
MP_T_Yoga_1,efficientpose,155,5.140569,ok,1,direct,0.493314,7,left_elbow,1,1,2.000000,716.460000,373.380000,2.000000,740.000000,353.333344,30.919250,46.346311,1,0.072000,0.179588
MP_T_Yoga_1,efficientpose,155,5.140569,ok,1,direct,0.493314,8,right_elbow,1,1,2.000000,591.400000,375.770000,2.000000,526.666687,340.000000,73.958737,46.346311,0,0.072000,0.000054
MP_T_Yoga_1,efficientpose,155,5.140569,ok,1,direct,0.493314,9,left_wrist,1,1,2.000000,712.480000,441.640000,2.000000,726.666687,406.666656,37.741182,46.346311,1,0.062000,0.031739
MP_T_Yoga_1,efficientpose,155,5.140569,ok,1,direct,0.493314,10,right_wrist,1,1,2.000000,597.710000,450.960000,2.000000,553.333313,366.666656,95.261000,46.346311,0,0.062000,0.000000
MP_T_Yoga_1,efficientpose,155,5.140569,ok,1,direct,0.493314,11,left_hip,1,1,2.000000,682.660000,438.920000,2.000000,673.333313,420.000000,21.093921,46.346311,1,0.107000,0.696376
MP_T_Yoga_1,efficientpose,155,5.140569,ok,1,direct,0.493314,12,right_hip,1,1,2.000000,627.940000,439.140000,2.000000,606.666687,420.000000,28.616314,46.346311,1,0.107000,0.513771
MP_T_Yoga_1,efficientpose,155,5.140569,ok,1,direct,0.493314,13,left_knee,1,1,2.000000,686.020000,558.870000,2.000000,660.000000,526.666687,41.401616,46.346311,1,0.087000,0.121407
MP_T_Yoga_1,efficientpose,155,5.140569,ok,1,direct,0.493314,14,right_knee,1,1,2.000000,638.550000,557.960000,2.000000,606.666687,486.666656,78.097929,46.346311,0,0.087000,0.000551
MP_T_Yoga_1,efficientpose,155,5.140569,ok,1,direct,0.493314,15,left_ankle,1,1,2.000000,684.570000,667.460000,2.000000,700.000000,633.333313,37.452846,46.346311,1,0.089000,0.192265
MP_T_Yoga_1,efficientpose,155,5.140569,ok,1,direct,0.493314,16,right_ankle,1,1,2.000000,653.550000,666.580000,2.000000,593.333313,620.000000,76.129796,46.346311,0,0.089000,0.001100
MP_T_Yoga_1,efficientpose,156,5.173734,ok,1,direct,0.539463,0,nose,1,1,2.000000,648.420000,238.140000,2.000000,646.666687,233.333328,5.116464,46.342533,1,0.026000,0.697236
MP_T_Yoga_1,efficientpose,156,5.173734,ok,1,direct,0.539463,1,left_eye,0,0,0.000000,0.000000,0.000000,2.000000,660.000000,233.333328,,,,0.025000,
MP_T_Yoga_1,efficientpose,156,5.173734,ok,1,direct,0.539463,2,right_eye,0,0,0.000000,0.000000,0.000000,2.000000,646.666687,233.333328,,,,0.025000,
MP_T_Yoga_1,efficientpose,156,5.173734,ok,1,direct,0.539463,3,left_ear,0,0,0.000000,0.000000,0.000000,2.000000,673.333313,246.666672,,,,0.035000,
MP_T_Yoga_1,efficientpose,156,5.173734,ok,1,direct,0.539463,4,right_ear,0,0,0.000000,0.000000,0.000000,2.000000,633.333313,246.666672,,,,0.035000,
MP_T_Yoga_1,efficientpose,156,5.173734,ok,1,direct,0.539463,5,left_shoulder,1,1,2.000000,699.510000,300.770000,2.000000,686.666687,300.000000,12.866374,46.342533,1,0.079000,0.781127
MP_T_Yoga_1,efficientpose,156,5.173734,ok,1,direct,0.539463,6,right_shoulder,1,1,2.000000,601.850000,304.160000,2.000000,593.333313,286.666656,19.456388,46.342533,1,0.079000,0.568440
MP_T_Yoga_1,efficientpose,156,5.173734,ok,1,direct,0.539463,7,left_elbow,1,1,2.000000,716.460000,373.380000,2.000000,740.000000,353.333344,30.919250,46.342533,1,0.072000,0.179538
MP_T_Yoga_1,efficientpose,156,5.173734,ok,1,direct,0.539463,8,right_elbow,1,1,2.000000,591.400000,375.770000,2.000000,540.000000,340.000000,62.621505,46.342533,0,0.072000,0.000872
MP_T_Yoga_1,efficientpose,156,5.173734,ok,1,direct,0.539463,9,left_wrist,1,1,2.000000,712.800000,441.640000,2.000000,726.666687,406.666656,37.622065,46.342533,1,0.062000,0.032418
MP_T_Yoga_1,efficientpose,156,5.173734,ok,1,direct,0.539463,10,right_wrist,1,1,2.000000,597.770000,450.740000,2.000000,553.333313,366.666656,95.094407,46.342533,0,0.062000,0.000000
MP_T_Yoga_1,efficientpose,156,5.173734,ok,1,direct,0.539463,11,left_hip,1,1,2.000000,682.660000,438.920000,2.000000,673.333313,420.000000,21.093921,46.342533,1,0.107000,0.696335
MP_T_Yoga_1,efficientpose,156,5.173734,ok,1,direct,0.539463,12,right_hip,1,1,2.000000,627.940000,439.140000,2.000000,606.666687,433.333344,22.051556,46.342533,1,0.107000,0.673322
MP_T_Yoga_1,efficientpose,156,5.173734,ok,1,direct,0.539463,13,left_knee,1,1,2.000000,686.020000,558.870000,2.000000,660.000000,513.333313,52.446451,46.342533,0,0.087000,0.033903
MP_T_Yoga_1,efficientpose,156,5.173734,ok,1,direct,0.539463,14,right_knee,1,1,2.000000,638.550000,557.960000,2.000000,606.666687,486.666656,78.097929,46.342533,0,0.087000,0.000551
MP_T_Yoga_1,efficientpose,156,5.173734,ok,1,direct,0.539463,15,left_ankle,1,1,2.000000,684.570000,667.460000,2.000000,700.000000,633.333313,37.452846,46.342533,1,0.089000,0.192213
MP_T_Yoga_1,efficientpose,156,5.173734,ok,1,direct,0.539463,16,right_ankle,1,1,2.000000,653.550000,666.580000,2.000000,580.000000,620.000000,87.059169,46.342533,0,0.089000,0.000135
MP_T_Yoga_1,efficientpose,157,5.206899,ok,1,direct,0.520216,0,nose,1,1,2.000000,648.360000,238.210000,2.000000,646.666687,246.666672,8.624535,46.338755,1,0.026000,0.358845
MP_T_Yoga_1,efficientpose,157,5.206899,ok,1,direct,0.520216,1,left_eye,0,0,0.000000,0.000000,0.000000,2.000000,660.000000,233.333328,,,,0.025000,
MP_T_Yoga_1,efficientpose,157,5.206899,ok,1,direct,0.520216,2,right_eye,0,0,0.000000,0.000000,0.000000,2.000000,646.666687,233.333328,,,,0.025000,
MP_T_Yoga_1,efficientpose,157,5.206899,ok,1,direct,0.520216,3,left_ear,0,0,0.000000,0.000000,0.000000,2.000000,673.333313,246.666672,,,,0.035000,
MP_T_Yoga_1,efficientpose,157,5.206899,ok,1,direct,0.520216,4,right_ear,0,0,0.000000,0.000000,0.000000,2.000000,633.333313,246.666672,,,,0.035000,
MP_T_Yoga_1,efficientpose,157,5.206899,ok,1,direct,0.520216,5,left_shoulder,1,1,2.000000,699.510000,300.770000,2.000000,673.333313,300.000000,26.188010,46.338755,1,0.079000,0.359331
MP_T_Yoga_1,efficientpose,157,5.206899,ok,1,direct,0.520216,6,right_shoulder,1,1,2.000000,601.850000,304.160000,2.000000,580.000000,286.666656,27.989990,46.338755,1,0.079000,0.310612
MP_T_Yoga_1,efficientpose,157,5.206899,ok,1,direct,0.520216,7,left_elbow,1,1,2.000000,716.460000,373.380000,2.000000,740.000000,353.333344,30.919250,46.338755,1,0.072000,0.179488
MP_T_Yoga_1,efficientpose,157,5.206899,ok,1,direct,0.520216,8,right_elbow,1,1,2.000000,591.400000,375.770000,2.000000,540.000000,340.000000,62.621505,46.338755,0,0.072000,0.000871
MP_T_Yoga_1,efficientpose,157,5.206899,ok,1,direct,0.520216,9,left_wrist,1,1,2.000000,713.130000,441.640000,2.000000,726.666687,406.666656,37.501689,46.338755,1,0.062000,0.033118
MP_T_Yoga_1,efficientpose,157,5.206899,ok,1,direct,0.520216,10,right_wrist,1,1,2.000000,597.840000,450.510000,2.000000,513.333313,353.333344,128.781531,46.338755,0,0.062000,0.000000
MP_T_Yoga_1,efficientpose,157,5.206899,ok,1,direct,0.520216,11,left_hip,1,1,2.000000,682.660000,438.920000,2.000000,673.333313,420.000000,21.093921,46.338755,1,0.107000,0.696294
MP_T_Yoga_1,efficientpose,157,5.206899,ok,1,direct,0.520216,12,right_hip,1,1,2.000000,627.940000,439.140000,2.000000,606.666687,420.000000,28.616314,46.338755,1,0.107000,0.513660
MP_T_Yoga_1,efficientpose,157,5.206899,ok,1,direct,0.520216,13,left_knee,1,1,2.000000,686.020000,558.870000,2.000000,660.000000,513.333313,52.446451,46.338755,0,0.087000,0.033884
MP_T_Yoga_1,efficientpose,157,5.206899,ok,1,direct,0.520216,14,right_knee,1,1,2.000000,638.550000,557.960000,2.000000,606.666687,486.666656,78.097929,46.338755,0,0.087000,0.000550
MP_T_Yoga_1,efficientpose,157,5.206899,ok,1,direct,0.520216,15,left_ankle,1,1,2.000000,684.570000,667.460000,2.000000,686.666687,633.333313,34.191035,46.338755,1,0.089000,0.252933
MP_T_Yoga_1,efficientpose,157,5.206899,ok,1,direct,0.520216,16,right_ankle,1,1,2.000000,653.550000,666.580000,2.000000,566.666687,606.666687,105.538217,46.338755,0,0.089000,0.000002
MP_T_Yoga_1,efficientpose,158,5.240064,ok,1,direct,0.485233,0,nose,1,1,2.000000,648.300000,238.280000,2.000000,646.666687,246.666672,8.544236,46.334976,1,0.026000,0.365667
MP_T_Yoga_1,efficientpose,158,5.240064,ok,1,direct,0.485233,1,left_eye,0,0,0.000000,0.000000,0.000000,2.000000,660.000000,233.333328,,,,0.025000,
MP_T_Yoga_1,efficientpose,158,5.240064,ok,1,direct,0.485233,2,right_eye,0,0,0.000000,0.000000,0.000000,2.000000,633.333313,233.333328,,,,0.025000,
MP_T_Yoga_1,efficientpose,158,5.240064,ok,1,direct,0.485233,3,left_ear,0,0,0.000000,0.000000,0.000000,2.000000,673.333313,246.666672,,,,0.035000,
MP_T_Yoga_1,efficientpose,158,5.240064,ok,1,direct,0.485233,4,right_ear,0,0,0.000000,0.000000,0.000000,2.000000,633.333313,246.666672,,,,0.035000,
MP_T_Yoga_1,efficientpose,158,5.240064,ok,1,direct,0.485233,5,left_shoulder,1,1,2.000000,699.510000,300.770000,2.000000,686.666687,300.000000,12.866374,46.334976,1,0.079000,0.781064
MP_T_Yoga_1,efficientpose,158,5.240064,ok,1,direct,0.485233,6,right_shoulder,1,1,2.000000,601.850000,304.160000,2.000000,580.000000,286.666656,27.989990,46.334976,1,0.079000,0.310553
MP_T_Yoga_1,efficientpose,158,5.240064,ok,1,direct,0.485233,7,left_elbow,1,1,2.000000,716.460000,373.380000,2.000000,740.000000,340.000000,40.845514,46.334976,1,0.072000,0.049885
MP_T_Yoga_1,efficientpose,158,5.240064,ok,1,direct,0.485233,8,right_elbow,1,1,2.000000,591.400000,375.770000,2.000000,540.000000,340.000000,62.621505,46.334976,0,0.072000,0.000870
MP_T_Yoga_1,efficientpose,158,5.240064,ok,1,direct,0.485233,9,left_wrist,1,1,2.000000,713.450000,441.640000,2.000000,726.666687,406.666656,37.387372,46.334976,1,0.062000,0.033793
MP_T_Yoga_1,efficientpose,158,5.240064,ok,1,direct,0.485233,10,right_wrist,1,1,2.000000,597.900000,450.290000,2.000000,513.333313,353.333344,128.655034,46.334976,0,0.062000,0.000000
MP_T_Yoga_1,efficientpose,158,5.240064,ok,1,direct,0.485233,11,left_hip,1,1,2.000000,682.660000,438.920000,2.000000,673.333313,420.000000,21.093921,46.334976,1,0.107000,0.696253
MP_T_Yoga_1,efficientpose,158,5.240064,ok,1,direct,0.485233,12,right_hip,1,1,2.000000,627.940000,439.140000,2.000000,606.666687,420.000000,28.616314,46.334976,1,0.107000,0.513604
MP_T_Yoga_1,efficientpose,158,5.240064,ok,1,direct,0.485233,13,left_knee,1,1,2.000000,686.020000,558.870000,2.000000,646.666687,486.666656,82.231418,46.334976,0,0.087000,0.000243
MP_T_Yoga_1,efficientpose,158,5.240064,ok,1,direct,0.485233,14,right_knee,1,1,2.000000,638.550000,557.960000,2.000000,606.666687,486.666656,78.097929,46.334976,0,0.087000,0.000549
MP_T_Yoga_1,efficientpose,158,5.240064,ok,1,direct,0.485233,15,left_ankle,1,1,2.000000,684.570000,667.460000,2.000000,700.000000,633.333313,37.452846,46.334976,1,0.089000,0.192110
MP_T_Yoga_1,efficientpose,158,5.240064,ok,1,direct,0.485233,16,right_ankle,1,1,2.000000,653.550000,666.580000,2.000000,580.000000,620.000000,87.059169,46.334976,0,0.089000,0.000135
MP_T_Yoga_1,efficientpose,159,5.273229,ok,1,direct,0.441737,0,nose,1,1,2.000000,648.240000,238.350000,2.000000,646.666687,246.666672,8.464180,46.331198,1,0.026000,0.372533
MP_T_Yoga_1,efficientpose,159,5.273229,ok,1,direct,0.441737,1,left_eye,0,0,0.000000,0.000000,0.000000,2.000000,646.666687,233.333328,,,,0.025000,
MP_T_Yoga_1,efficientpose,159,5.273229,ok,1,direct,0.441737,2,right_eye,0,0,0.000000,0.000000,0.000000,2.000000,633.333313,233.333328,,,,0.025000,
MP_T_Yoga_1,efficientpose,159,5.273229,ok,1,direct,0.441737,3,left_ear,0,0,0.000000,0.000000,0.000000,2.000000,673.333313,246.666672,,,,0.035000,
MP_T_Yoga_1,efficientpose,159,5.273229,ok,1,direct,0.441737,4,right_ear,0,0,0.000000,0.000000,0.000000,2.000000,620.000000,246.666672,,,,0.035000,
MP_T_Yoga_1,efficientpose,159,5.273229,ok,1,direct,0.441737,5,left_shoulder,1,1,2.000000,699.510000,300.770000,2.000000,673.333313,300.000000,26.188010,46.331198,1,0.079000,0.359212
MP_T_Yoga_1,efficientpose,159,5.273229,ok,1,direct,0.441737,6,right_shoulder,1,1,2.000000,601.850000,304.160000,2.000000,580.000000,286.666656,27.989990,46.331198,1,0.079000,0.310494
MP_T_Yoga_1,efficientpose,159,5.273229,ok,1,direct,0.441737,7,left_elbow,1,1,2.000000,716.460000,373.380000,2.000000,740.000000,340.000000,40.845514,46.331198,1,0.072000,0.049861
MP_T_Yoga_1,efficientpose,159,5.273229,ok,1,direct,0.441737,8,right_elbow,1,1,2.000000,591.400000,375.770000,2.000000,540.000000,340.000000,62.621505,46.331198,0,0.072000,0.000869
MP_T_Yoga_1,efficientpose,159,5.273229,ok,1,direct,0.441737,9,left_wrist,1,1,2.000000,713.770000,441.640000,2.000000,726.666687,406.666656,37.275452,46.331198,1,0.062000,0.034466
MP_T_Yoga_1,efficientpose,159,5.273229,ok,1,direct,0.441737,10,right_wrist,1,1,2.000000,597.970000,450.060000,2.000000,513.333313,353.333344,128.527876,46.331198,0,0.062000,0.000000
MP_T_Yoga_1,efficientpose,159,5.273229,ok,1,direct,0.441737,11,left_hip,1,1,2.000000,682.660000,438.920000,2.000000,673.333313,420.000000,21.093921,46.331198,1,0.107000,0.696212
MP_T_Yoga_1,efficientpose,159,5.273229,ok,1,direct,0.441737,12,right_hip,1,1,2.000000,627.940000,439.140000,2.000000,593.333313,406.666656,47.456726,46.331198,0,0.107000,0.159968
MP_T_Yoga_1,efficientpose,159,5.273229,ok,1,direct,0.441737,13,left_knee,1,1,2.000000,686.020000,558.870000,2.000000,646.666687,486.666656,82.231418,46.331198,0,0.087000,0.000243
MP_T_Yoga_1,efficientpose,159,5.273229,ok,1,direct,0.441737,14,right_knee,1,1,2.000000,638.550000,557.960000,2.000000,606.666687,473.333344,90.433493,46.331198,0,0.087000,0.000042
MP_T_Yoga_1,efficientpose,159,5.273229,ok,1,direct,0.441737,15,left_ankle,1,1,2.000000,684.570000,667.460000,2.000000,686.666687,633.333313,34.191035,46.331198,1,0.089000,0.252820
MP_T_Yoga_1,efficientpose,159,5.273229,ok,1,direct,0.441737,16,right_ankle,1,1,2.000000,653.550000,666.580000,2.000000,580.000000,620.000000,87.059169,46.331198,0,0.089000,0.000134
MP_T_Yoga_1,efficientpose,160,5.306394,ok,1,direct,0.479023,0,nose,1,1,2.000000,648.180000,238.420000,2.000000,646.666687,246.666672,8.384373,46.327418,1,0.026000,0.379442
MP_T_Yoga_1,efficientpose,160,5.306394,ok,1,direct,0.479023,1,left_eye,0,0,0.000000,0.000000,0.000000,2.000000,660.000000,233.333328,,,,0.025000,
MP_T_Yoga_1,efficientpose,160,5.306394,ok,1,direct,0.479023,2,right_eye,0,0,0.000000,0.000000,0.000000,2.000000,633.333313,233.333328,,,,0.025000,
MP_T_Yoga_1,efficientpose,160,5.306394,ok,1,direct,0.479023,3,left_ear,0,0,0.000000,0.000000,0.000000,2.000000,673.333313,246.666672,,,,0.035000,
MP_T_Yoga_1,efficientpose,160,5.306394,ok,1,direct,0.479023,4,right_ear,0,0,0.000000,0.000000,0.000000,2.000000,620.000000,246.666672,,,,0.035000,
MP_T_Yoga_1,efficientpose,160,5.306394,ok,1,direct,0.479023,5,left_shoulder,1,1,2.000000,699.510000,300.770000,2.000000,673.333313,300.000000,26.188010,46.327418,1,0.079000,0.359152
MP_T_Yoga_1,efficientpose,160,5.306394,ok,1,direct,0.479023,6,right_shoulder,1,1,2.000000,601.850000,304.160000,2.000000,580.000000,286.666656,27.989990,46.327418,1,0.079000,0.310434
MP_T_Yoga_1,efficientpose,160,5.306394,ok,1,direct,0.479023,7,left_elbow,1,1,2.000000,716.460000,373.380000,2.000000,740.000000,340.000000,40.845514,46.327418,1,0.072000,0.049837
MP_T_Yoga_1,efficientpose,160,5.306394,ok,1,direct,0.479023,8,right_elbow,1,1,2.000000,591.400000,375.770000,2.000000,540.000000,340.000000,62.621505,46.327418,0,0.072000,0.000868
MP_T_Yoga_1,efficientpose,160,5.306394,ok,1,direct,0.479023,9,left_wrist,1,1,2.000000,714.090000,441.640000,2.000000,726.666687,406.666656,37.165950,46.327418,1,0.062000,0.035134
MP_T_Yoga_1,efficientpose,160,5.306394,ok,1,direct,0.479023,10,right_wrist,1,1,2.000000,598.030000,449.840000,2.000000,513.333313,353.333344,128.401961,46.327418,0,0.062000,0.000000
MP_T_Yoga_1,efficientpose,160,5.306394,ok,1,direct,0.479023,11,left_hip,1,1,2.000000,682.660000,438.920000,2.000000,673.333313,420.000000,21.093921,46.327418,1,0.107000,0.696171
MP_T_Yoga_1,efficientpose,160,5.306394,ok,1,direct,0.479023,12,right_hip,1,1,2.000000,627.940000,439.140000,2.000000,593.333313,406.666656,47.456726,46.327418,0,0.107000,0.159920
MP_T_Yoga_1,efficientpose,160,5.306394,ok,1,direct,0.479023,13,left_knee,1,1,2.000000,686.020000,558.870000,2.000000,646.666687,486.666656,82.231418,46.327418,0,0.087000,0.000242
MP_T_Yoga_1,efficientpose,160,5.306394,ok,1,direct,0.479023,14,right_knee,1,1,2.000000,638.550000,557.960000,2.000000,593.333313,473.333344,95.949048,46.327418,0,0.087000,0.000012
MP_T_Yoga_1,efficientpose,160,5.306394,ok,1,direct,0.479023,15,left_ankle,1,1,2.000000,684.570000,667.460000,2.000000,686.666687,633.333313,34.191035,46.327418,1,0.089000,0.252763
MP_T_Yoga_1,efficientpose,160,5.306394,ok,1,direct,0.479023,16,right_ankle,1,1,2.000000,653.550000,666.580000,2.000000,566.666687,606.666687,105.538217,46.327418,0,0.089000,0.000002
MP_T_Yoga_1,efficientpose,161,5.339559,ok,1,direct,0.523258,0,nose,1,1,2.000000,647.990000,238.420000,2.000000,646.666687,246.666672,8.352171,46.327418,1,0.026000,0.382271
MP_T_Yoga_1,efficientpose,161,5.339559,ok,1,direct,0.523258,1,left_eye,0,0,0.000000,0.000000,0.000000,2.000000,660.000000,233.333328,,,,0.025000,
MP_T_Yoga_1,efficientpose,161,5.339559,ok,1,direct,0.523258,2,right_eye,0,0,0.000000,0.000000,0.000000,2.000000,646.666687,233.333328,,,,0.025000,
MP_T_Yoga_1,efficientpose,161,5.339559,ok,1,direct,0.523258,3,left_ear,0,0,0.000000,0.000000,0.000000,2.000000,673.333313,246.666672,,,,0.035000,
MP_T_Yoga_1,efficientpose,161,5.339559,ok,1,direct,0.523258,4,right_ear,0,0,0.000000,0.000000,0.000000,2.000000,633.333313,246.666672,,,,0.035000,
MP_T_Yoga_1,efficientpose,161,5.339559,ok,1,direct,0.523258,5,left_shoulder,1,1,2.000000,699.510000,300.770000,2.000000,673.333313,300.000000,26.188010,46.327418,1,0.079000,0.359152
MP_T_Yoga_1,efficientpose,161,5.339559,ok,1,direct,0.523258,6,right_shoulder,1,1,2.000000,601.850000,304.160000,2.000000,580.000000,286.666656,27.989990,46.327418,1,0.079000,0.310434
MP_T_Yoga_1,efficientpose,161,5.339559,ok,1,direct,0.523258,7,left_elbow,1,1,2.000000,716.460000,373.380000,2.000000,740.000000,353.333344,30.919250,46.327418,1,0.072000,0.179337
MP_T_Yoga_1,efficientpose,161,5.339559,ok,1,direct,0.523258,8,right_elbow,1,1,2.000000,591.400000,375.770000,2.000000,540.000000,340.000000,62.621505,46.327418,0,0.072000,0.000868
MP_T_Yoga_1,efficientpose,161,5.339559,ok,1,direct,0.523258,9,left_wrist,1,1,2.000000,714.090000,441.640000,2.000000,726.666687,406.666656,37.165950,46.327418,1,0.062000,0.035134
MP_T_Yoga_1,efficientpose,161,5.339559,ok,1,direct,0.523258,10,right_wrist,1,1,2.000000,598.030000,449.840000,2.000000,513.333313,353.333344,128.401961,46.327418,0,0.062000,0.000000
MP_T_Yoga_1,efficientpose,161,5.339559,ok,1,direct,0.523258,11,left_hip,1,1,2.000000,682.660000,438.920000,2.000000,673.333313,420.000000,21.093921,46.327418,1,0.107000,0.696171
MP_T_Yoga_1,efficientpose,161,5.339559,ok,1,direct,0.523258,12,right_hip,1,1,2.000000,627.940000,439.140000,2.000000,606.666687,420.000000,28.616314,46.327418,1,0.107000,0.513492
MP_T_Yoga_1,efficientpose,161,5.339559,ok,1,direct,0.523258,13,left_knee,1,1,2.000000,686.020000,558.870000,2.000000,646.666687,486.666656,82.231418,46.327418,0,0.087000,0.000242
MP_T_Yoga_1,efficientpose,161,5.339559,ok,1,direct,0.523258,14,right_knee,1,1,2.000000,638.550000,557.960000,2.000000,606.666687,473.333344,90.433493,46.327418,0,0.087000,0.000042
MP_T_Yoga_1,efficientpose,161,5.339559,ok,1,direct,0.523258,15,left_ankle,1,1,2.000000,684.570000,667.460000,2.000000,686.666687,633.333313,34.191035,46.327418,1,0.089000,0.252763
MP_T_Yoga_1,efficientpose,161,5.339559,ok,1,direct,0.523258,16,right_ankle,1,1,2.000000,653.550000,666.580000,2.000000,580.000000,620.000000,87.059169,46.327418,0,0.089000,0.000134
MP_T_Yoga_1,efficientpose,162,5.372724,ok,1,direct,0.495821,0,nose,1,1,2.000000,647.810000,238.420000,2.000000,646.666687,246.666672,8.325549,46.327418,1,0.026000,0.384618
MP_T_Yoga_1,efficientpose,162,5.372724,ok,1,direct,0.495821,1,left_eye,0,0,0.000000,0.000000,0.000000,2.000000,660.000000,233.333328,,,,0.025000,
MP_T_Yoga_1,efficientpose,162,5.372724,ok,1,direct,0.495821,2,right_eye,0,0,0.000000,0.000000,0.000000,2.000000,633.333313,233.333328,,,,0.025000,
MP_T_Yoga_1,efficientpose,162,5.372724,ok,1,direct,0.495821,3,left_ear,0,0,0.000000,0.000000,0.000000,2.000000,673.333313,246.666672,,,,0.035000,
MP_T_Yoga_1,efficientpose,162,5.372724,ok,1,direct,0.495821,4,right_ear,0,0,0.000000,0.000000,0.000000,2.000000,620.000000,246.666672,,,,0.035000,
MP_T_Yoga_1,efficientpose,162,5.372724,ok,1,direct,0.495821,5,left_shoulder,1,1,2.000000,699.510000,300.770000,2.000000,673.333313,300.000000,26.188010,46.327418,1,0.079000,0.359152
MP_T_Yoga_1,efficientpose,162,5.372724,ok,1,direct,0.495821,6,right_shoulder,1,1,2.000000,601.850000,304.160000,2.000000,580.000000,286.666656,27.989990,46.327418,1,0.079000,0.310434
MP_T_Yoga_1,efficientpose,162,5.372724,ok,1,direct,0.495821,7,left_elbow,1,1,2.000000,716.460000,373.380000,2.000000,740.000000,340.000000,40.845514,46.327418,1,0.072000,0.049837
MP_T_Yoga_1,efficientpose,162,5.372724,ok,1,direct,0.495821,8,right_elbow,1,1,2.000000,591.400000,375.770000,2.000000,540.000000,340.000000,62.621505,46.327418,0,0.072000,0.000868
MP_T_Yoga_1,efficientpose,162,5.372724,ok,1,direct,0.495821,9,left_wrist,1,1,2.000000,714.090000,441.640000,2.000000,726.666687,406.666656,37.165950,46.327418,1,0.062000,0.035134
MP_T_Yoga_1,efficientpose,162,5.372724,ok,1,direct,0.495821,10,right_wrist,1,1,2.000000,598.030000,449.840000,2.000000,513.333313,366.666656,118.706924,46.327418,0,0.062000,0.000000
MP_T_Yoga_1,efficientpose,162,5.372724,ok,1,direct,0.495821,11,left_hip,1,1,2.000000,682.660000,438.920000,2.000000,673.333313,420.000000,21.093921,46.327418,1,0.107000,0.696171
MP_T_Yoga_1,efficientpose,162,5.372724,ok,1,direct,0.495821,12,right_hip,1,1,2.000000,627.940000,439.140000,2.000000,620.000000,433.333344,9.836710,46.327418,1,0.107000,0.924265
MP_T_Yoga_1,efficientpose,162,5.372724,ok,1,direct,0.495821,13,left_knee,1,1,2.000000,686.020000,558.870000,2.000000,646.666687,486.666656,82.231418,46.327418,0,0.087000,0.000242
MP_T_Yoga_1,efficientpose,162,5.372724,ok,1,direct,0.495821,14,right_knee,1,1,2.000000,638.550000,557.960000,2.000000,606.666687,486.666656,78.097929,46.327418,0,0.087000,0.000548
MP_T_Yoga_1,efficientpose,162,5.372724,ok,1,direct,0.495821,15,left_ankle,1,1,2.000000,684.570000,667.460000,2.000000,686.666687,633.333313,34.191035,46.327418,1,0.089000,0.252763
MP_T_Yoga_1,efficientpose,162,5.372724,ok,1,direct,0.495821,16,right_ankle,1,1,2.000000,653.550000,666.580000,2.000000,593.333313,620.000000,76.129796,46.327418,0,0.089000,0.001093
MP_T_Yoga_1,efficientpose,163,5.405889,ok,1,direct,0.429749,0,nose,1,1,2.000000,647.620000,238.420000,2.000000,646.666687,233.333328,5.175233,46.327418,1,0.026000,0.691284
MP_T_Yoga_1,efficientpose,163,5.405889,ok,1,direct,0.429749,1,left_eye,0,0,0.000000,0.000000,0.000000,2.000000,646.666687,233.333328,,,,0.025000,
MP_T_Yoga_1,efficientpose,163,5.405889,ok,1,direct,0.429749,2,right_eye,0,0,0.000000,0.000000,0.000000,2.000000,633.333313,233.333328,,,,0.025000,
MP_T_Yoga_1,efficientpose,163,5.405889,ok,1,direct,0.429749,3,left_ear,0,0,0.000000,0.000000,0.000000,2.000000,660.000000,246.666672,,,,0.035000,
MP_T_Yoga_1,efficientpose,163,5.405889,ok,1,direct,0.429749,4,right_ear,0,0,0.000000,0.000000,0.000000,2.000000,620.000000,246.666672,,,,0.035000,
MP_T_Yoga_1,efficientpose,163,5.405889,ok,1,direct,0.429749,5,left_shoulder,1,1,2.000000,699.510000,300.770000,2.000000,673.333313,300.000000,26.188010,46.327418,1,0.079000,0.359152
MP_T_Yoga_1,efficientpose,163,5.405889,ok,1,direct,0.429749,6,right_shoulder,1,1,2.000000,601.850000,304.160000,2.000000,593.333313,286.666656,19.456388,46.327418,1,0.079000,0.568230
MP_T_Yoga_1,efficientpose,163,5.405889,ok,1,direct,0.429749,7,left_elbow,1,1,2.000000,716.460000,373.380000,2.000000,740.000000,340.000000,40.845514,46.327418,1,0.072000,0.049837
MP_T_Yoga_1,efficientpose,163,5.405889,ok,1,direct,0.429749,8,right_elbow,1,1,2.000000,591.400000,375.770000,2.000000,526.666687,340.000000,73.958737,46.327418,0,0.072000,0.000054
MP_T_Yoga_1,efficientpose,163,5.405889,ok,1,direct,0.429749,9,left_wrist,1,1,2.000000,714.090000,441.640000,2.000000,713.333313,393.333344,48.312583,46.327418,0,0.062000,0.003488
MP_T_Yoga_1,efficientpose,163,5.405889,ok,1,direct,0.429749,10,right_wrist,1,1,2.000000,598.030000,449.840000,2.000000,513.333313,366.666656,118.706924,46.327418,0,0.062000,0.000000
MP_T_Yoga_1,efficientpose,163,5.405889,ok,1,direct,0.429749,11,left_hip,1,1,2.000000,682.660000,438.920000,2.000000,673.333313,420.000000,21.093921,46.327418,1,0.107000,0.696171
MP_T_Yoga_1,efficientpose,163,5.405889,ok,1,direct,0.429749,12,right_hip,1,1,2.000000,627.940000,439.140000,2.000000,593.333313,420.000000,39.546964,46.327418,1,0.107000,0.280003
MP_T_Yoga_1,efficientpose,163,5.405889,ok,1,direct,0.429749,13,left_knee,1,1,2.000000,686.020000,558.870000,2.000000,646.666687,486.666656,82.231418,46.327418,0,0.087000,0.000242
MP_T_Yoga_1,efficientpose,163,5.405889,ok,1,direct,0.429749,14,right_knee,1,1,2.000000,638.550000,557.960000,2.000000,606.666687,486.666656,78.097929,46.327418,0,0.087000,0.000548
MP_T_Yoga_1,efficientpose,163,5.405889,ok,1,direct,0.429749,15,left_ankle,1,1,2.000000,684.570000,667.460000,2.000000,686.666687,633.333313,34.191035,46.327418,1,0.089000,0.252763
MP_T_Yoga_1,efficientpose,163,5.405889,ok,1,direct,0.429749,16,right_ankle,1,1,2.000000,653.550000,666.580000,2.000000,566.666687,620.000000,98.581978,46.327418,0,0.089000,0.000011
MP_T_Yoga_1,efficientpose,164,5.439054,ok,1,direct,0.339787,0,nose,1,1,2.000000,647.430000,238.420000,2.000000,646.666687,233.333328,5.143625,46.327418,1,0.026000,0.694399
MP_T_Yoga_1,efficientpose,164,5.439054,ok,1,direct,0.339787,1,left_eye,0,0,0.000000,0.000000,0.000000,2.000000,646.666687,233.333328,,,,0.025000,
MP_T_Yoga_1,efficientpose,164,5.439054,ok,1,direct,0.339787,2,right_eye,0,0,0.000000,0.000000,0.000000,2.000000,633.333313,220.000000,,,,0.025000,
MP_T_Yoga_1,efficientpose,164,5.439054,ok,1,direct,0.339787,3,left_ear,0,0,0.000000,0.000000,0.000000,2.000000,660.000000,246.666672,,,,0.035000,
MP_T_Yoga_1,efficientpose,164,5.439054,ok,1,direct,0.339787,4,right_ear,0,0,0.000000,0.000000,0.000000,2.000000,620.000000,246.666672,,,,0.035000,
MP_T_Yoga_1,efficientpose,164,5.439054,ok,1,direct,0.339787,5,left_shoulder,1,1,2.000000,699.510000,300.770000,2.000000,673.333313,300.000000,26.188010,46.327418,1,0.079000,0.359152
MP_T_Yoga_1,efficientpose,164,5.439054,ok,1,direct,0.339787,6,right_shoulder,1,1,2.000000,601.850000,304.160000,2.000000,593.333313,286.666656,19.456388,46.327418,1,0.079000,0.568230
MP_T_Yoga_1,efficientpose,164,5.439054,ok,1,direct,0.339787,7,left_elbow,1,1,2.000000,716.460000,373.380000,2.000000,740.000000,353.333344,30.919250,46.327418,1,0.072000,0.179337
MP_T_Yoga_1,efficientpose,164,5.439054,ok,1,direct,0.339787,8,right_elbow,1,1,2.000000,591.400000,375.770000,2.000000,540.000000,340.000000,62.621505,46.327418,0,0.072000,0.000868
MP_T_Yoga_1,efficientpose,164,5.439054,ok,1,direct,0.339787,9,left_wrist,1,1,2.000000,714.090000,441.640000,2.000000,726.666687,406.666656,37.165950,46.327418,1,0.062000,0.035134
MP_T_Yoga_1,efficientpose,164,5.439054,ok,1,direct,0.339787,10,right_wrist,1,1,2.000000,598.030000,449.840000,2.000000,513.333313,366.666656,118.706924,46.327418,0,0.062000,0.000000
MP_T_Yoga_1,efficientpose,164,5.439054,ok,1,direct,0.339787,11,left_hip,1,1,2.000000,682.660000,438.920000,2.000000,686.666687,420.000000,19.339595,46.327418,1,0.107000,0.737547
MP_T_Yoga_1,efficientpose,164,5.439054,ok,1,direct,0.339787,12,right_hip,1,1,2.000000,627.940000,439.140000,2.000000,593.333313,420.000000,39.546964,46.327418,1,0.107000,0.280003
MP_T_Yoga_1,efficientpose,164,5.439054,ok,1,direct,0.339787,13,left_knee,1,1,2.000000,686.020000,558.870000,2.000000,646.666687,486.666656,82.231418,46.327418,0,0.087000,0.000242
MP_T_Yoga_1,efficientpose,164,5.439054,ok,1,direct,0.339787,14,right_knee,1,1,2.000000,638.550000,557.960000,2.000000,606.666687,486.666656,78.097929,46.327418,0,0.087000,0.000548
MP_T_Yoga_1,efficientpose,164,5.439054,ok,1,direct,0.339787,15,left_ankle,1,1,2.000000,684.570000,667.460000,2.000000,686.666687,633.333313,34.191035,46.327418,1,0.089000,0.252763
MP_T_Yoga_1,efficientpose,164,5.439054,ok,1,direct,0.339787,16,right_ankle,1,1,2.000000,653.550000,666.580000,2.000000,566.666687,606.666687,105.538217,46.327418,0,0.089000,0.000002
MP_T_Yoga_1,efficientpose,165,5.472218,ok,1,direct,0.428380,0,nose,1,1,2.000000,647.250000,238.420000,2.000000,646.666687,233.333328,5.120008,46.327418,1,0.026000,0.696723
MP_T_Yoga_1,efficientpose,165,5.472218,ok,1,direct,0.428380,1,left_eye,0,0,0.000000,0.000000,0.000000,2.000000,646.666687,233.333328,,,,0.025000,
MP_T_Yoga_1,efficientpose,165,5.472218,ok,1,direct,0.428380,2,right_eye,0,0,0.000000,0.000000,0.000000,2.000000,633.333313,233.333328,,,,0.025000,
MP_T_Yoga_1,efficientpose,165,5.472218,ok,1,direct,0.428380,3,left_ear,0,0,0.000000,0.000000,0.000000,2.000000,660.000000,246.666672,,,,0.035000,
MP_T_Yoga_1,efficientpose,165,5.472218,ok,1,direct,0.428380,4,right_ear,0,0,0.000000,0.000000,0.000000,2.000000,620.000000,246.666672,,,,0.035000,
MP_T_Yoga_1,efficientpose,165,5.472218,ok,1,direct,0.428380,5,left_shoulder,1,1,2.000000,699.510000,300.770000,2.000000,686.666687,300.000000,12.866374,46.327418,1,0.079000,0.781001
MP_T_Yoga_1,efficientpose,165,5.472218,ok,1,direct,0.428380,6,right_shoulder,1,1,2.000000,601.850000,304.160000,2.000000,606.666687,286.666656,18.144353,46.327418,1,0.079000,0.611667
MP_T_Yoga_1,efficientpose,165,5.472218,ok,1,direct,0.428380,7,left_elbow,1,1,2.000000,716.460000,373.380000,2.000000,740.000000,353.333344,30.919250,46.327418,1,0.072000,0.179337
MP_T_Yoga_1,efficientpose,165,5.472218,ok,1,direct,0.428380,8,right_elbow,1,1,2.000000,591.400000,375.770000,2.000000,540.000000,340.000000,62.621505,46.327418,0,0.072000,0.000868
MP_T_Yoga_1,efficientpose,165,5.472218,ok,1,direct,0.428380,9,left_wrist,1,1,2.000000,714.090000,441.640000,2.000000,726.666687,406.666656,37.165950,46.327418,1,0.062000,0.035134
MP_T_Yoga_1,efficientpose,165,5.472218,ok,1,direct,0.428380,10,right_wrist,1,1,2.000000,598.030000,449.840000,2.000000,540.000000,380.000000,90.802569,46.327418,0,0.062000,0.000000
MP_T_Yoga_1,efficientpose,165,5.472218,ok,1,direct,0.428380,11,left_hip,1,1,2.000000,682.660000,438.920000,2.000000,686.666687,420.000000,19.339595,46.327418,1,0.107000,0.737547
MP_T_Yoga_1,efficientpose,165,5.472218,ok,1,direct,0.428380,12,right_hip,1,1,2.000000,627.940000,439.140000,2.000000,606.666687,420.000000,28.616314,46.327418,1,0.107000,0.513492
MP_T_Yoga_1,efficientpose,165,5.472218,ok,1,direct,0.428380,13,left_knee,1,1,2.000000,686.020000,558.870000,2.000000,660.000000,500.000000,64.363944,46.327418,0,0.087000,0.006095
MP_T_Yoga_1,efficientpose,165,5.472218,ok,1,direct,0.428380,14,right_knee,1,1,2.000000,638.550000,557.960000,2.000000,620.000000,486.666656,73.667112,46.327418,0,0.087000,0.001254
MP_T_Yoga_1,efficientpose,165,5.472218,ok,1,direct,0.428380,15,left_ankle,1,1,2.000000,684.570000,667.460000,2.000000,686.666687,633.333313,34.191035,46.327418,1,0.089000,0.252763
MP_T_Yoga_1,efficientpose,165,5.472218,ok,1,direct,0.428380,16,right_ankle,1,1,2.000000,653.550000,666.580000,2.000000,593.333313,620.000000,76.129796,46.327418,0,0.089000,0.001093
MP_T_Yoga_1,efficientpose,166,5.505383,ok,1,direct,0.344550,0,nose,1,1,2.000000,647.250000,238.420000,2.000000,646.666687,233.333328,5.120008,46.327418,1,0.026000,0.696723
MP_T_Yoga_1,efficientpose,166,5.505383,ok,1,direct,0.344550,1,left_eye,0,0,0.000000,0.000000,0.000000,2.000000,646.666687,233.333328,,,,0.025000,
MP_T_Yoga_1,efficientpose,166,5.505383,ok,1,direct,0.344550,2,right_eye,0,0,0.000000,0.000000,0.000000,2.000000,633.333313,233.333328,,,,0.025000,
MP_T_Yoga_1,efficientpose,166,5.505383,ok,1,direct,0.344550,3,left_ear,0,0,0.000000,0.000000,0.000000,2.000000,660.000000,246.666672,,,,0.035000,
MP_T_Yoga_1,efficientpose,166,5.505383,ok,1,direct,0.344550,4,right_ear,0,0,0.000000,0.000000,0.000000,2.000000,620.000000,246.666672,,,,0.035000,
MP_T_Yoga_1,efficientpose,166,5.505383,ok,1,direct,0.344550,5,left_shoulder,1,1,2.000000,699.510000,300.770000,2.000000,673.333313,300.000000,26.188010,46.327418,1,0.079000,0.359152
MP_T_Yoga_1,efficientpose,166,5.505383,ok,1,direct,0.344550,6,right_shoulder,1,1,2.000000,601.850000,304.160000,2.000000,593.333313,300.000000,9.478373,46.327418,1,0.079000,0.874465
MP_T_Yoga_1,efficientpose,166,5.505383,ok,1,direct,0.344550,7,left_elbow,1,1,2.000000,716.460000,373.380000,2.000000,740.000000,353.333344,30.919250,46.327418,1,0.072000,0.179337
MP_T_Yoga_1,efficientpose,166,5.505383,ok,1,direct,0.344550,8,right_elbow,1,1,2.000000,591.400000,375.770000,2.000000,526.666687,353.333344,68.511352,46.327418,0,0.072000,0.000217
MP_T_Yoga_1,efficientpose,166,5.505383,ok,1,direct,0.344550,9,left_wrist,1,1,2.000000,714.090000,441.640000,2.000000,726.666687,406.666656,37.165950,46.327418,1,0.062000,0.035134
MP_T_Yoga_1,efficientpose,166,5.505383,ok,1,direct,0.344550,10,right_wrist,1,1,2.000000,598.030000,449.840000,2.000000,553.333313,380.000000,82.918149,46.327418,0,0.062000,0.000000
MP_T_Yoga_1,efficientpose,166,5.505383,ok,1,direct,0.344550,11,left_hip,1,1,2.000000,682.660000,438.920000,2.000000,686.666687,420.000000,19.339595,46.327418,1,0.107000,0.737547
MP_T_Yoga_1,efficientpose,166,5.505383,ok,1,direct,0.344550,12,right_hip,1,1,2.000000,627.940000,439.140000,2.000000,593.333313,420.000000,39.546964,46.327418,1,0.107000,0.280003
MP_T_Yoga_1,efficientpose,166,5.505383,ok,1,direct,0.344550,13,left_knee,1,1,2.000000,686.020000,558.870000,2.000000,646.666687,486.666656,82.231418,46.327418,0,0.087000,0.000242
MP_T_Yoga_1,efficientpose,166,5.505383,ok,1,direct,0.344550,14,right_knee,1,1,2.000000,638.550000,557.960000,2.000000,606.666687,486.666656,78.097929,46.327418,0,0.087000,0.000548
MP_T_Yoga_1,efficientpose,166,5.505383,ok,1,direct,0.344550,15,left_ankle,1,1,2.000000,684.570000,667.460000,2.000000,686.666687,633.333313,34.191035,46.327418,1,0.089000,0.252763
MP_T_Yoga_1,efficientpose,166,5.505383,ok,1,direct,0.344550,16,right_ankle,1,1,2.000000,653.550000,666.580000,2.000000,553.333313,606.666687,116.760393,46.327418,0,0.089000,0.000000
MP_T_Yoga_1,efficientpose,167,5.538548,ok,1,direct,0.285419,0,nose,1,1,2.000000,647.250000,238.420000,2.000000,646.666687,233.333328,5.120008,46.327418,1,0.026000,0.696723
MP_T_Yoga_1,efficientpose,167,5.538548,ok,1,direct,0.285419,1,left_eye,0,0,0.000000,0.000000,0.000000,2.000000,646.666687,233.333328,,,,0.025000,
MP_T_Yoga_1,efficientpose,167,5.538548,ok,1,direct,0.285419,2,right_eye,0,0,0.000000,0.000000,0.000000,2.000000,633.333313,233.333328,,,,0.025000,
MP_T_Yoga_1,efficientpose,167,5.538548,ok,1,direct,0.285419,3,left_ear,0,0,0.000000,0.000000,0.000000,2.000000,660.000000,246.666672,,,,0.035000,
MP_T_Yoga_1,efficientpose,167,5.538548,ok,1,direct,0.285419,4,right_ear,0,0,0.000000,0.000000,0.000000,2.000000,620.000000,246.666672,,,,0.035000,
MP_T_Yoga_1,efficientpose,167,5.538548,ok,1,direct,0.285419,5,left_shoulder,1,1,2.000000,699.510000,300.770000,2.000000,673.333313,313.333344,29.035436,46.327418,1,0.079000,0.283995
MP_T_Yoga_1,efficientpose,167,5.538548,ok,1,direct,0.285419,6,right_shoulder,1,1,2.000000,601.850000,304.160000,2.000000,593.333313,300.000000,9.478373,46.327418,1,0.079000,0.874465
MP_T_Yoga_1,efficientpose,167,5.538548,ok,1,direct,0.285419,7,left_elbow,1,1,2.000000,716.460000,373.380000,2.000000,740.000000,353.333344,30.919250,46.327418,1,0.072000,0.179337
MP_T_Yoga_1,efficientpose,167,5.538548,ok,1,direct,0.285419,8,right_elbow,1,1,2.000000,591.400000,375.770000,2.000000,526.666687,340.000000,73.958737,46.327418,0,0.072000,0.000054
MP_T_Yoga_1,efficientpose,167,5.538548,ok,1,direct,0.285419,9,left_wrist,1,1,2.000000,714.090000,441.640000,2.000000,726.666687,393.333344,49.916992,46.327418,0,0.062000,0.002381
MP_T_Yoga_1,efficientpose,167,5.538548,ok,1,direct,0.285419,10,right_wrist,1,1,2.000000,598.030000,449.840000,2.000000,540.000000,380.000000,90.802569,46.327418,0,0.062000,0.000000
MP_T_Yoga_1,efficientpose,167,5.538548,ok,1,direct,0.285419,11,left_hip,1,1,2.000000,682.660000,438.920000,2.000000,673.333313,420.000000,21.093921,46.327418,1,0.107000,0.696171
MP_T_Yoga_1,efficientpose,167,5.538548,ok,1,direct,0.285419,12,right_hip,1,1,2.000000,627.940000,439.140000,2.000000,606.666687,433.333344,22.051556,46.327418,1,0.107000,0.673148
MP_T_Yoga_1,efficientpose,167,5.538548,ok,1,direct,0.285419,13,left_knee,1,1,2.000000,686.020000,558.870000,2.000000,633.333313,486.666656,89.382380,46.327418,0,0.087000,0.000053
MP_T_Yoga_1,efficientpose,167,5.538548,ok,1,direct,0.285419,14,right_knee,1,1,2.000000,638.550000,557.960000,2.000000,553.333313,473.333344,120.098105,46.327418,0,0.087000,0.000000
MP_T_Yoga_1,efficientpose,167,5.538548,ok,1,direct,0.285419,15,left_ankle,1,1,2.000000,684.570000,667.460000,2.000000,686.666687,633.333313,34.191035,46.327418,1,0.089000,0.252763
MP_T_Yoga_1,efficientpose,167,5.538548,ok,1,direct,0.285419,16,right_ankle,1,1,2.000000,653.550000,666.580000,2.000000,540.000000,593.333313,135.124682,46.327418,0,0.089000,0.000000
MP_T_Yoga_1,efficientpose,168,5.571713,ok,1,direct,0.305954,0,nose,1,1,2.000000,647.250000,238.420000,2.000000,646.666687,233.333328,5.120008,46.327418,1,0.026000,0.696723
MP_T_Yoga_1,efficientpose,168,5.571713,ok,1,direct,0.305954,1,left_eye,0,0,0.000000,0.000000,0.000000,2.000000,646.666687,233.333328,,,,0.025000,
MP_T_Yoga_1,efficientpose,168,5.571713,ok,1,direct,0.305954,2,right_eye,0,0,0.000000,0.000000,0.000000,2.000000,633.333313,220.000000,,,,0.025000,
MP_T_Yoga_1,efficientpose,168,5.571713,ok,1,direct,0.305954,3,left_ear,0,0,0.000000,0.000000,0.000000,2.000000,673.333313,246.666672,,,,0.035000,
MP_T_Yoga_1,efficientpose,168,5.571713,ok,1,direct,0.305954,4,right_ear,0,0,0.000000,0.000000,0.000000,2.000000,633.333313,246.666672,,,,0.035000,
MP_T_Yoga_1,efficientpose,168,5.571713,ok,1,direct,0.305954,5,left_shoulder,1,1,2.000000,699.510000,300.770000,2.000000,686.666687,300.000000,12.866374,46.327418,1,0.079000,0.781001
MP_T_Yoga_1,efficientpose,168,5.571713,ok,1,direct,0.305954,6,right_shoulder,1,1,2.000000,601.850000,304.160000,2.000000,593.333313,300.000000,9.478373,46.327418,1,0.079000,0.874465
MP_T_Yoga_1,efficientpose,168,5.571713,ok,1,direct,0.305954,7,left_elbow,1,1,2.000000,716.460000,373.380000,2.000000,740.000000,353.333344,30.919250,46.327418,1,0.072000,0.179337
MP_T_Yoga_1,efficientpose,168,5.571713,ok,1,direct,0.305954,8,right_elbow,1,1,2.000000,591.400000,375.770000,2.000000,526.666687,313.333344,89.937411,46.327418,0,0.072000,0.000000
MP_T_Yoga_1,efficientpose,168,5.571713,ok,1,direct,0.305954,9,left_wrist,1,1,2.000000,714.090000,441.640000,2.000000,726.666687,393.333344,49.916992,46.327418,0,0.062000,0.002381
MP_T_Yoga_1,efficientpose,168,5.571713,ok,1,direct,0.305954,10,right_wrist,1,1,2.000000,598.030000,449.840000,2.000000,513.333313,366.666656,118.706924,46.327418,0,0.062000,0.000000
MP_T_Yoga_1,efficientpose,168,5.571713,ok,1,direct,0.305954,11,left_hip,1,1,2.000000,682.660000,438.920000,2.000000,673.333313,420.000000,21.093921,46.327418,1,0.107000,0.696171
MP_T_Yoga_1,efficientpose,168,5.571713,ok,1,direct,0.305954,12,right_hip,1,1,2.000000,627.940000,439.140000,2.000000,620.000000,433.333344,9.836710,46.327418,1,0.107000,0.924265
MP_T_Yoga_1,efficientpose,168,5.571713,ok,1,direct,0.305954,13,left_knee,1,1,2.000000,686.020000,558.870000,2.000000,633.333313,486.666656,89.382380,46.327418,0,0.087000,0.000053
MP_T_Yoga_1,efficientpose,168,5.571713,ok,1,direct,0.305954,14,right_knee,1,1,2.000000,638.550000,557.960000,2.000000,553.333313,460.000000,129.838536,46.327418,0,0.087000,0.000000
MP_T_Yoga_1,efficientpose,168,5.571713,ok,1,direct,0.305954,15,left_ankle,1,1,2.000000,684.570000,667.460000,2.000000,686.666687,620.000000,47.506291,46.327418,0,0.089000,0.070294
MP_T_Yoga_1,efficientpose,168,5.571713,ok,1,direct,0.305954,16,right_ankle,1,1,2.000000,653.550000,666.580000,2.000000,540.000000,606.666687,128.386945,46.327418,0,0.089000,0.000000
MP_T_Yoga_1,efficientpose,169,5.604878,ok,1,direct,0.250318,0,nose,1,1,2.000000,647.250000,238.420000,2.000000,646.666687,233.333328,5.120008,46.327418,1,0.026000,0.696723
MP_T_Yoga_1,efficientpose,169,5.604878,ok,1,direct,0.250318,1,left_eye,0,0,0.000000,0.000000,0.000000,2.000000,646.666687,220.000000,,,,0.025000,
MP_T_Yoga_1,efficientpose,169,5.604878,ok,1,direct,0.250318,2,right_eye,0,0,0.000000,0.000000,0.000000,2.000000,633.333313,220.000000,,,,0.025000,
MP_T_Yoga_1,efficientpose,169,5.604878,ok,1,direct,0.250318,3,left_ear,0,0,0.000000,0.000000,0.000000,2.000000,673.333313,246.666672,,,,0.035000,
MP_T_Yoga_1,efficientpose,169,5.604878,ok,1,direct,0.250318,4,right_ear,0,0,0.000000,0.000000,0.000000,2.000000,633.333313,233.333328,,,,0.035000,
MP_T_Yoga_1,efficientpose,169,5.604878,ok,1,direct,0.250318,5,left_shoulder,1,1,2.000000,699.510000,300.770000,2.000000,686.666687,313.333344,17.966310,46.327418,1,0.079000,0.617567
MP_T_Yoga_1,efficientpose,169,5.604878,ok,1,direct,0.250318,6,right_shoulder,1,1,2.000000,601.850000,304.160000,2.000000,593.333313,300.000000,9.478373,46.327418,1,0.079000,0.874465
MP_T_Yoga_1,efficientpose,169,5.604878,ok,1,direct,0.250318,7,left_elbow,1,1,2.000000,716.460000,373.380000,2.000000,740.000000,353.333344,30.919250,46.327418,1,0.072000,0.179337
MP_T_Yoga_1,efficientpose,169,5.604878,ok,1,direct,0.250318,8,right_elbow,1,1,2.000000,591.400000,375.770000,2.000000,540.000000,313.333344,80.872097,46.327418,0,0.072000,0.000008
MP_T_Yoga_1,efficientpose,169,5.604878,ok,1,direct,0.250318,9,left_wrist,1,1,2.000000,714.090000,441.640000,2.000000,726.666687,393.333344,49.916992,46.327418,0,0.062000,0.002381
MP_T_Yoga_1,efficientpose,169,5.604878,ok,1,direct,0.250318,10,right_wrist,1,1,2.000000,598.030000,449.840000,2.000000,553.333313,353.333344,106.354730,46.327418,0,0.062000,0.000000
MP_T_Yoga_1,efficientpose,169,5.604878,ok,1,direct,0.250318,11,left_hip,1,1,2.000000,682.660000,438.920000,2.000000,673.333313,420.000000,21.093921,46.327418,1,0.107000,0.696171
MP_T_Yoga_1,efficientpose,169,5.604878,ok,1,direct,0.250318,12,right_hip,1,1,2.000000,627.940000,439.140000,2.000000,606.666687,433.333344,22.051556,46.327418,1,0.107000,0.673148
MP_T_Yoga_1,efficientpose,169,5.604878,ok,1,direct,0.250318,13,left_knee,1,1,2.000000,686.020000,558.870000,2.000000,633.333313,486.666656,89.382380,46.327418,0,0.087000,0.000053
MP_T_Yoga_1,efficientpose,169,5.604878,ok,1,direct,0.250318,14,right_knee,1,1,2.000000,638.550000,557.960000,2.000000,553.333313,473.333344,120.098105,46.327418,0,0.087000,0.000000
MP_T_Yoga_1,efficientpose,169,5.604878,ok,1,direct,0.250318,15,left_ankle,1,1,2.000000,684.570000,667.460000,2.000000,686.666687,633.333313,34.191035,46.327418,1,0.089000,0.252763
MP_T_Yoga_1,efficientpose,169,5.604878,ok,1,direct,0.250318,16,right_ankle,1,1,2.000000,653.550000,666.580000,2.000000,540.000000,606.666687,128.386945,46.327418,0,0.089000,0.000000
MP_T_Yoga_1,efficientpose,170,5.638043,ok,1,direct,0.323587,0,nose,1,1,2.000000,647.250000,238.420000,2.000000,646.666687,233.333328,5.120008,46.327418,1,0.026000,0.696723
MP_T_Yoga_1,efficientpose,170,5.638043,ok,1,direct,0.323587,1,left_eye,0,0,0.000000,0.000000,0.000000,2.000000,646.666687,233.333328,,,,0.025000,
MP_T_Yoga_1,efficientpose,170,5.638043,ok,1,direct,0.323587,2,right_eye,0,0,0.000000,0.000000,0.000000,2.000000,633.333313,233.333328,,,,0.025000,
MP_T_Yoga_1,efficientpose,170,5.638043,ok,1,direct,0.323587,3,left_ear,0,0,0.000000,0.000000,0.000000,2.000000,673.333313,246.666672,,,,0.035000,
MP_T_Yoga_1,efficientpose,170,5.638043,ok,1,direct,0.323587,4,right_ear,0,0,0.000000,0.000000,0.000000,2.000000,620.000000,233.333328,,,,0.035000,
MP_T_Yoga_1,efficientpose,170,5.638043,ok,1,direct,0.323587,5,left_shoulder,1,1,2.000000,699.510000,300.770000,2.000000,686.666687,313.333344,17.966310,46.327418,1,0.079000,0.617567
MP_T_Yoga_1,efficientpose,170,5.638043,ok,1,direct,0.323587,6,right_shoulder,1,1,2.000000,601.850000,304.160000,2.000000,593.333313,300.000000,9.478373,46.327418,1,0.079000,0.874465
MP_T_Yoga_1,efficientpose,170,5.638043,ok,1,direct,0.323587,7,left_elbow,1,1,2.000000,716.460000,373.380000,2.000000,740.000000,353.333344,30.919250,46.327418,1,0.072000,0.179337
MP_T_Yoga_1,efficientpose,170,5.638043,ok,1,direct,0.323587,8,right_elbow,1,1,2.000000,591.400000,375.770000,2.000000,526.666687,313.333344,89.937411,46.327418,0,0.072000,0.000000
MP_T_Yoga_1,efficientpose,170,5.638043,ok,1,direct,0.323587,9,left_wrist,1,1,2.000000,714.090000,441.640000,2.000000,726.666687,393.333344,49.916992,46.327418,0,0.062000,0.002381
MP_T_Yoga_1,efficientpose,170,5.638043,ok,1,direct,0.323587,10,right_wrist,1,1,2.000000,598.030000,449.840000,2.000000,553.333313,366.666656,94.422449,46.327418,0,0.062000,0.000000
MP_T_Yoga_1,efficientpose,170,5.638043,ok,1,direct,0.323587,11,left_hip,1,1,2.000000,682.660000,438.920000,2.000000,686.666687,420.000000,19.339595,46.327418,1,0.107000,0.737547
MP_T_Yoga_1,efficientpose,170,5.638043,ok,1,direct,0.323587,12,right_hip,1,1,2.000000,627.940000,439.140000,2.000000,593.333313,420.000000,39.546964,46.327418,1,0.107000,0.280003
MP_T_Yoga_1,efficientpose,170,5.638043,ok,1,direct,0.323587,13,left_knee,1,1,2.000000,686.020000,558.870000,2.000000,660.000000,500.000000,64.363944,46.327418,0,0.087000,0.006095
MP_T_Yoga_1,efficientpose,170,5.638043,ok,1,direct,0.323587,14,right_knee,1,1,2.000000,638.550000,557.960000,2.000000,606.666687,486.666656,78.097929,46.327418,0,0.087000,0.000548
MP_T_Yoga_1,efficientpose,170,5.638043,ok,1,direct,0.323587,15,left_ankle,1,1,2.000000,684.570000,667.460000,2.000000,686.666687,620.000000,47.506291,46.327418,0,0.089000,0.070294
MP_T_Yoga_1,efficientpose,170,5.638043,ok,1,direct,0.323587,16,right_ankle,1,1,2.000000,653.550000,666.580000,2.000000,553.333313,606.666687,116.760393,46.327418,0,0.089000,0.000000
